Time (s),CH2 (V)
0.0,0.12280695999999999
1e-05,0.12126094000000001
2e-05,0.12118096
3.0000000000000004e-05,0.11981974
4e-05,0.11975332000000001
5e-05,0.11882319999999999
6.000000000000001e-05,0.11882224
7.000000000000001e-05,0.11893654000000001
8e-05,0.11901893999999999
9e-05,0.12019519999999999
0.0001,0.12031188
0.00011,0.12207280000000001
0.00012000000000000002,0.12217628
0.00013000000000000002,0.124062
0.00014000000000000001,0.12419334
0.00015000000000000001,0.12605654
0.00016,0.12616586000000002
0.00017,0.127732
0.00018,0.12771732
0.00019,0.12725241999999998
0.0002,0.12714134000000002
0.00021,0.12571972
0.00022,0.12558972
0.00023,0.12377597999999998
0.00024000000000000003,0.12367466
0.00025,0.12203654
0.00026000000000000003,0.12194785999999999
0.00027,0.12049988
0.00028000000000000003,0.12042452
0.00029,0.11917666
0.00030000000000000003,0.11907306
0.00031,0.11875308
0.00032,0.11876106
0.00033000000000000005,0.11948254
0.00034,0.11955678
0.00035000000000000005,0.12111651999999999
0.00036,0.12119305999999999
0.00037000000000000005,0.12305574
0.00038,0.12314666
0.00039000000000000005,0.12505812
0.0004,0.12515904
0.00041000000000000005,0.12699976
0.00042,0.12734094
0.00043000000000000004,0.12760414
0.00044,0.12759716000000002
0.00045000000000000004,0.12649680000000002
0.00046,0.12642282
0.00047000000000000004,0.12469866
0.00048000000000000007,0.12459545999999999
0.0004900000000000001,0.1228572
0.0005,0.12276612
0.00051,0.12122654
0.0005200000000000001,0.12115456
0.0005300000000000001,0.11977906
0.00054,0.11973014
0.00055,0.11879614000000001
0.0005600000000000001,0.11878066000000001
0.0005700000000000001,0.11890494
0.00058,0.11900599999999999
0.00059,0.12015664000000001
0.0006000000000000001,0.12029131999999998
0.0006100000000000001,0.12205708
0.00062,0.12214682000000002
0.00063,0.12403772000000002
0.00064,0.12414586000000001
0.0006500000000000001,0.12604242
0.0006600000000000001,0.12613716
0.00067,0.12769998
0.00068,0.12769332
0.0006900000000000001,0.1272248
0.0007000000000000001,0.12714066
0.00071,0.12569228000000002
0.00072,0.12556854
0.0007300000000000001,0.12374972
0.0007400000000000001,0.12364948
0.00075,0.12199214
0.00076,0.12192186
0.0007700000000000001,0.12049013999999998
0.0007800000000000001,0.12042614
0.00079,0.11916014
0.0008,0.11903682
0.0008100000000000001,0.11874348000000001
0.0008200000000000001,0.11875055999999999
0.0008300000000000001,0.11948146
0.00084,0.11953892000000002
0.0008500000000000001,0.12109826000000001
0.0008600000000000001,0.12119574
0.0008700000000000001,0.12304999999999999
0.00088,0.12314666
0.0008900000000000001,0.12506496
0.0009000000000000001,0.12514039999999998
0.0009100000000000001,0.12699666
0.00092,0.12733508
0.00093,0.1275988
0.0009400000000000001,0.12760078000000002
0.0009500000000000001,0.1264828
0.0009600000000000001,0.12641344000000002
0.00097,0.12470265999999999
0.0009800000000000002,0.12460108
0.00099,0.12286040000000001
0.001,0.12275266
0.00101,0.12121599999999999
0.00102,0.12113414
0.00103,0.11977107999999999
0.0010400000000000001,0.11971388000000001
0.0010500000000000002,0.11878012
0.0010600000000000002,0.118784
0.00107,0.11890798
0.00108,0.11900454
0.00109,0.12017185999999999
0.0011,0.1202976
0.00111,0.12204093999999999
0.0011200000000000001,0.12214480000000001
0.0011300000000000001,0.1240464
0.0011400000000000002,0.12414640000000002
0.0011500000000000002,0.12603626
0.00116,0.12612816
0.00117,0.1276912
0.00118,0.1276753
0.00119,0.1272144
0.0012000000000000001,0.1271163
0.0012100000000000001,0.12568558
0.0012200000000000002,0.12555451999999998
0.0012300000000000002,0.12372226
0.00124,0.12366155999999999
0.00125,0.1219988
0.00126,0.12192694
0.00127,0.12047638000000001
0.00128,0.12039668
0.0012900000000000001,0.11914798
0.0013000000000000002,0.11908106
0.0013100000000000002,0.11868998
0.0013200000000000002,0.11873863999999998
0.00133,0.11946802000000001
0.00134,0.11953225999999999
0.00135,0.12109265999999999
0.00136,0.12116945999999999
0.0013700000000000001,0.12303025999999999
0.0013800000000000002,0.1231376
0.0013900000000000002,0.12503106000000003
0.0014000000000000002,0.12513771999999998
0.00141,0.12699132
0.00142,0.127318
0.00143,0.12761132
0.00144,0.12760052000000002
0.0014500000000000001,0.12650106
0.0014600000000000001,0.12642762000000002
0.0014700000000000002,0.12469358000000001
0.0014800000000000002,0.12459266
0.0014900000000000002,0.12287213999999999
0.0015,0.12276424
0.00151,0.12122254000000002
0.00152,0.1211292
0.0015300000000000001,0.11977788
0.0015400000000000001,0.11972639999999998
0.0015500000000000002,0.1187888
0.0015600000000000002,0.11879147999999999
0.0015700000000000002,0.11890586
0.00158,0.1189948
0.00159,0.12015799999999999
0.0016,0.12028654000000001
0.00161,0.1220552
0.0016200000000000001,0.12215386000000002
0.0016300000000000002,0.12405212000000002
0.0016400000000000002,0.12415692
0.0016500000000000002,0.12603148000000003
0.0016600000000000002,0.12613254000000002
0.00167,0.12770934
0.00168,0.12771079999999999
0.00169,0.1272348
0.0017000000000000001,0.12713266
0.0017100000000000001,0.12569734000000002
0.0017200000000000002,0.12558254
0.0017300000000000002,0.12373786
0.0017400000000000002,0.12366985999999999
0.00175,0.12202558000000001
0.00176,0.1219292
0.00177,0.12049828
0.0017800000000000001,0.12041078000000001
0.0017900000000000001,0.1191748
0.0018000000000000002,0.11906013999999998
0.0018100000000000002,0.11874040000000001
0.0018200000000000002,0.11873944
0.0018300000000000002,0.11946706
0.00184,0.11953838000000001
0.00185,0.12111374
0.00186,0.12119865999999999
0.0018700000000000001,0.12304628
0.0018800000000000002,0.12315442000000001
0.0018900000000000002,0.12505587999999998
0.0019000000000000002,0.12515132
0.0019100000000000002,0.12700028000000002
0.0019200000000000003,0.12733931999999998
0.00193,0.12762186
0.00194,0.12760292
0.0019500000000000001,0.12651295999999998
0.0019600000000000004,0.12643014
0.00197,0.12469840000000001
0.00198,0.12459667999999999
0.00199,0.1228612
0.002,0.12276212
0.00201,0.12122252
0.00202,0.121156
0.00203,0.11978306000000001
0.00204,0.1197324
0.00205,0.11880548000000002
0.00206,0.11879642000000001
0.0020700000000000002,0.11891373999999999
0.0020800000000000003,0.1190012
0.0020900000000000003,0.12017734
0.0021000000000000003,0.12030586000000001
0.0021100000000000003,0.12205252
0.0021200000000000004,0.12215477999999999
0.0021300000000000004,0.12405454
0.00214,0.12416213999999999
0.00215,0.12603508000000002
0.00216,0.12614651999999998
0.00217,0.12770774000000001
0.00218,0.12769784
0.00219,0.12723933999999998
0.0022,0.12714693999999999
0.00221,0.12570974000000001
0.00222,0.12557466
0.00223,0.12376812
0.0022400000000000002,0.12367386
0.0022500000000000003,0.1220308
0.0022600000000000003,0.1219444
0.0022700000000000003,0.12049639999999999
0.0022800000000000003,0.12042654000000001
0.0022900000000000004,0.1191536
0.0023000000000000004,0.11909602000000001
0.00231,0.11869547999999999
0.00232,0.11875294
0.00233,0.11947814000000001
0.00234,0.11954042000000001
0.00235,0.12110760000000001
0.00236,0.12121454000000001
0.00237,0.12306346000000001
0.00238,0.12316172
0.00239,0.12509546
0.0024000000000000002,0.12518984
0.0024100000000000002,0.12703132
0.0024200000000000003,0.12738494
0.0024300000000000003,0.12765134
0.0024400000000000003,0.1276604
0.0024500000000000004,0.12653453999999997
0.0024600000000000004,0.12647092
0.0024700000000000004,0.1247428
0.00248,0.12466227999999999
0.00249,0.12290748
0.0025,0.12281813999999999
0.00251,0.12126359999999999
0.00252,0.12120666
0.00253,0.11982721999999998
0.00254,0.11977743999999999
0.00255,0.11882548
0.00256,0.11884358000000002
0.0025700000000000002,0.11894626000000001
0.0025800000000000003,0.11903051999999999
0.0025900000000000003,0.12020800000000001
0.0026000000000000003,0.12034654
0.0026100000000000003,0.12208480000000002
0.0026200000000000004,0.1221892
0.0026300000000000004,0.12409508
0.0026400000000000004,0.12420586
0.00265,0.12610826
0.00266,0.12620306
0.00267,0.12776771999999997
0.00268,0.12776717999999998
0.00269,0.12730664
0.0027,0.12720092
0.00271,0.12576774
0.00272,0.12565679999999999
0.0027300000000000002,0.12382599999999999
0.0027400000000000002,0.12372651999999999
0.0027500000000000003,0.12207986000000001
0.0027600000000000003,0.12200505999999997
0.0027700000000000003,0.12055508000000001
0.0027800000000000004,0.12047132
0.0027900000000000004,0.11921092
0.0028000000000000004,0.1191532
0.0028100000000000004,0.11874880000000002
0.00282,0.11879186
0.00283,0.11953228
0.00284,0.11957824000000002
0.00285,0.12116094
0.00286,0.12125371999999998
0.00287,0.12310456
0.00288,0.12321439999999999
0.00289,0.12513371999999998
0.0029000000000000002,0.1252452
0.0029100000000000003,0.1270852
0.0029200000000000003,0.1274404
0.0029300000000000003,0.12770226
0.0029400000000000003,0.12769293999999998
0.0029500000000000004,0.12660706
0.0029600000000000004,0.12651414
0.0029700000000000004,0.12479520000000002
0.0029800000000000004,0.12470146000000001
0.00299,0.1229576
0.003,0.12285412
0.00301,0.12132878
0.00302,0.1212364
0.00303,0.11988812
0.00304,0.1198108
0.00305,0.11886677999999999
0.0030600000000000002,0.11885839999999999
0.0030700000000000002,0.11896734
0.0030800000000000003,0.11907920000000001
0.0030900000000000003,0.12023600000000001
0.0031000000000000003,0.12036362
0.0031100000000000004,0.12213973999999998
0.0031200000000000004,0.12224214
0.0031300000000000004,0.12416785999999999
0.0031400000000000004,0.1242432
0.0031500000000000005,0.12615386
0.00316,0.12623946
0.00317,0.12781586000000003
0.00318,0.12780945999999999
0.00319,0.12736973999999998
0.0032,0.12726852
0.00321,0.12582798
0.00322,0.12572106
0.0032300000000000002,0.12387854000000001
0.0032400000000000003,0.12379652
0.0032500000000000003,0.122126
0.0032600000000000003,0.12206842
0.0032700000000000003,0.12061508000000001
0.0032800000000000004,0.1205396
0.0032900000000000004,0.11927919999999999
0.0033000000000000004,0.11915201999999998
0.0033100000000000004,0.11883345999999999
0.0033200000000000005,0.11884239999999999
0.00333,0.11957144
0.00334,0.11963919999999999
0.00335,0.12119013999999999
0.00336,0.12129562
0.00337,0.12315852000000001
0.00338,0.12325936
0.0033900000000000002,0.12518758000000002
0.0034000000000000002,0.12529105999999998
0.0034100000000000003,0.12714186
0.0034200000000000003,0.127488
0.0034300000000000003,0.12776174
0.0034400000000000003,0.12776894
0.0034500000000000004,0.12666292
0.0034600000000000004,0.12658094
0.0034700000000000004,0.1248556
0.0034800000000000005,0.1247668
0.0034900000000000005,0.1230064
0.0035,0.12290532000000001
0.00351,0.12138012000000001
0.00352,0.12129854
0.00353,0.11993718
0.00354,0.11987134000000002
0.00355,0.11892386000000002
0.0035600000000000002,0.11889374
0.0035700000000000003,0.11900611999999999
0.0035800000000000003,0.11910014
0.0035900000000000003,0.12028813999999999
0.0036000000000000003,0.12041347999999999
0.0036100000000000004,0.1221716
0.0036200000000000004,0.12227774
0.0036300000000000004,0.12418358
0.0036400000000000004,0.12429024000000002
0.0036500000000000005,0.12619798
0.0036600000000000005,0.12628144
0.00367,0.12785374
0.00368,0.12786318
0.00369,0.12740642
0.0037,0.1273032
0.00371,0.12584373999999998
0.00372,0.12574414
0.0037300000000000002,0.12391188
0.0037400000000000003,0.12382065999999999
0.0037500000000000003,0.12215468
0.0037600000000000003,0.12208092
0.0037700000000000003,0.12062572
0.0037800000000000004,0.1205548
0.0037900000000000004,0.11928105999999998
0.0038000000000000004,0.1192072
0.0038100000000000005,0.11881214
0.0038200000000000005,0.1188432
0.0038300000000000005,0.11958640000000001
0.0038400000000000005,0.11964948
0.00385,0.12122279999999999
0.00386,0.12130868000000002
0.00387,0.12316851999999998
0.00388,0.12327760000000001
0.0038900000000000002,0.12519254
0.0039000000000000003,0.12529094000000002
0.00391,0.12717586
0.003920000000000001,0.12751294
0.00393,0.12779986000000002
0.00394,0.12778628
0.00395,0.12669494
0.00396,0.12660812
0.0039700000000000004,0.12490227999999999
0.00398,0.12479614000000001
0.0039900000000000005,0.12302852
0.004,0.12294745999999998
0.0040100000000000005,0.12137679999999999
0.00402,0.12129534
0.004030000000000001,0.11993094
0.00404,0.11986906
0.004050000000000001,0.11891879999999999
0.00406,0.11891345999999998
0.004070000000000001,0.11902586
0.00408,0.1191096
0.004090000000000001,0.12028265999999999
0.0041,0.12040774000000001
0.00411,0.12217666
0.00412,0.12228694
0.00413,0.12421294000000001
0.0041400000000000005,0.12431306
0.00415,0.12621986000000002
0.0041600000000000005,0.12630146
0.00417,0.12789706
0.0041800000000000006,0.12789783999999998
0.00419,0.1274324
0.004200000000000001,0.12734144
0.00421,0.12591813999999998
0.004220000000000001,0.12578856
0.00423,0.12394240000000001
0.004240000000000001,0.12385428000000001
0.00425,0.12220146000000001
0.004260000000000001,0.12210814
0.00427,0.12064588000000001
0.00428,0.12057332000000001
0.00429,0.11931027999999999
0.0043,0.11923892
0.0043100000000000005,0.11883014
0.00432,0.1188548
0.0043300000000000005,0.11958505999999999
0.00434,0.11965626
0.004350000000000001,0.12123358
0.00436,0.12132494
0.004370000000000001,0.12319613999999998
0.00438,0.12330014
0.004390000000000001,0.125214
0.0044,0.12530974
0.004410000000000001,0.12717668000000001
0.00442,0.12752746
0.004430000000000001,0.12781411999999998
0.00444,0.12782268000000002
0.00445,0.12671332
0.00446,0.12663492
0.00447,0.12490958
0.0044800000000000005,0.12480480000000001
0.00449,0.12304374
0.0045000000000000005,0.12295932000000001
0.00451,0.12139185999999999
0.004520000000000001,0.12131706
0.00453,0.11994838
0.004540000000000001,0.11987786
0.00455,0.11894562
0.004560000000000001,0.11892613999999999
0.00457,0.11902412
0.004580000000000001,0.11911237999999999
0.00459,0.12028212
0.004600000000000001,0.12040588
0.00461,0.12218546
0.00462,0.12228371999999998
0.0046300000000000004,0.12421120000000001
0.00464,0.12430974000000002
0.0046500000000000005,0.12622145999999998
0.00466,0.1263108
0.0046700000000000005,0.12787826
0.00468,0.1278804
0.004690000000000001,0.12744506
0.0047,0.12735202
0.004710000000000001,0.12591104
0.00472,0.12578519999999999
0.004730000000000001,0.12395147999999998
0.00474,0.12386454
0.004750000000000001,0.12219828000000002
0.00476,0.12211786
0.004770000000000001,0.12064678000000002
0.00478,0.12058706
0.00479,0.11931492000000002
0.0048000000000000004,0.11920094
0.00481,0.11887957999999998
0.0048200000000000005,0.1188604
0.00483,0.11960651999999998
0.0048400000000000006,0.11966480000000002
0.00485,0.121252
0.004860000000000001,0.12133065999999999
0.00487,0.12321176
0.004880000000000001,0.1233292
0.00489,0.12524745999999998
0.004900000000000001,0.12535174
0.00491,0.12722372
0.004920000000000001,0.12756054
0.00493,0.12786746
0.004940000000000001,0.12787146
0.00495,0.1267576
0.00496,0.12668746
0.0049700000000000005,0.12495145999999999
0.00498,0.12483642000000002
0.0049900000000000005,0.12308908
0.005,0.12299624
0.0050100000000000006,0.12143613999999998
0.00502,0.12136148
0.005030000000000001,0.11998812
0.00504,0.11991946
0.005050000000000001,0.11896068
0.00506,0.11895185999999999
0.005070000000000001,0.11905508000000001
0.00508,0.11914880000000001
0.005090000000000001,0.12032905999999999
0.0051,0.12045091999999999
0.005110000000000001,0.12224253999999998
0.00512,0.12233774
0.00513,0.12427266000000001
0.0051400000000000005,0.12436718
0.00515,0.12627866000000001
0.0051600000000000005,0.12638106
0.00517,0.12794677999999998
0.005180000000000001,0.12795412
0.00519,0.12749707999999998
0.005200000000000001,0.12738678
0.00521,0.12596294
0.005220000000000001,0.12583014
0.00523,0.12400134
0.005240000000000001,0.1239204
0.00525,0.1222456
0.005260000000000001,0.12216694000000002
0.00527,0.12070638
0.005280000000000001,0.12063704
0.00529,0.11935865999999999
0.0053,0.11924332
0.0053100000000000005,0.11892506
0.00532,0.11890386
0.0053300000000000005,0.11962294
0.00534,0.11969787999999999
0.005350000000000001,0.1212768
0.00536,0.1213632
0.005370000000000001,0.12325492
0.00538,0.12333638
0.005390000000000001,0.12528776
0.0054,0.1253764
0.005410000000000001,0.12724039999999998
0.00542,0.12759494
0.005430000000000001,0.12787454
0.00544,0.12789080000000003
0.005450000000000001,0.12676188000000002
0.0054600000000000004,0.12670988
0.00547,0.124966
0.0054800000000000005,0.12486722000000001
0.00549,0.12309919999999999
0.0055000000000000005,0.12299600000000002
0.00551,0.1214572
0.005520000000000001,0.12136971999999999
0.00553,0.11999573999999999
0.005540000000000001,0.11994134000000001
0.00555,0.11897332000000001
0.005560000000000001,0.11897183999999998
0.00557,0.11907106
0.005580000000000001,0.11916348000000002
0.00559,0.12035294
0.005600000000000001,0.1204788
0.00561,0.12225626
0.005620000000000001,0.1223516
0.0056300000000000005,0.12428653999999999
0.00564,0.12439372
0.0056500000000000005,0.12630774
0.00566,0.12638894
0.0056700000000000006,0.1279872
0.00568,0.12797868
0.005690000000000001,0.12752118
0.0057,0.12743384
0.005710000000000001,0.1259788
0.00572,0.12586322
0.005730000000000001,0.12401760000000002
0.00574,0.12394638
0.005750000000000001,0.12227934
0.00576,0.12219186
0.005770000000000001,0.12073039999999999
0.00578,0.12066253999999998
0.005790000000000001,0.11937307999999999
0.0058000000000000005,0.11929616000000001
0.00581,0.11889678
0.0058200000000000005,0.11892907999999999
0.00583,0.1196596
0.005840000000000001,0.11971240000000001
0.00585,0.12131015999999999
0.005860000000000001,0.121404
0.00587,0.12327358
0.005880000000000001,0.12338506
0.00589,0.12529691999999998
0.005900000000000001,0.12539920000000002
0.00591,0.12727238000000002
0.005920000000000001,0.1276152
0.00593,0.12790574
0.005940000000000001,0.12788906
0.00595,0.12678056
0.005960000000000001,0.12672186000000002
0.0059700000000000005,0.12497734
0.00598,0.12488240000000002
0.0059900000000000005,0.12309600000000001
0.006,0.123026
0.006010000000000001,0.1214584
0.00602,0.1213872
0.006030000000000001,0.1199972
0.00604,0.11991294000000001
0.006050000000000001,0.11898571999999999
0.00606,0.11898265999999999
0.006070000000000001,0.1190844
0.00608,0.11918200000000001
0.006090000000000001,0.12034987999999999
0.0061,0.12048400000000001
0.006110000000000001,0.12225025999999999
0.0061200000000000004,0.12236358
0.006130000000000001,0.12426242000000001
0.0061400000000000005,0.12436240000000001
0.00615,0.12627877999999998
0.0061600000000000005,0.12635934
0.00617,0.1279436
0.006180000000000001,0.12794773999999998
0.00619,0.12747518
0.006200000000000001,0.12738452000000003
0.00621,0.12594068
0.006220000000000001,0.1258164
0.00623,0.12398456
0.006240000000000001,0.1238852
0.00625,0.12221652000000001
0.006260000000000001,0.12215612
0.00627,0.12068411999999999
0.006280000000000001,0.12060212000000001
0.0062900000000000005,0.11932612000000001
0.006300000000000001,0.11924508
0.0063100000000000005,0.11884774000000001
0.00632,0.11887732
0.0063300000000000006,0.11961947999999997
0.00634,0.11967505999999999
0.006350000000000001,0.12125668
0.00636,0.12134974000000001
0.006370000000000001,0.12321308
0.00638,0.12332812
0.006390000000000001,0.12525332
0.0064,0.12536092000000001
0.006410000000000001,0.12721332
0.00642,0.12756598000000002
0.006430000000000001,0.12783866
0.00644,0.12782946
0.006450000000000001,0.12671536
0.0064600000000000005,0.12665120000000002
0.006470000000000001,0.12492306000000002
0.0064800000000000005,0.12483374
0.00649,0.12304839999999999
0.006500000000000001,0.12296360000000002
0.00651,0.12140468
0.006520000000000001,0.12133292
0.00653,0.1199592
0.006540000000000001,0.11987866
0.00655,0.11893574
0.006560000000000001,0.11892667999999999
0.00657,0.1190556
0.006580000000000001,0.11914776
0.00659,0.12029947999999999
0.006600000000000001,0.12043971999999999
0.00661,0.12221106000000001
0.006620000000000001,0.12230065999999999
0.0066300000000000005,0.12422148000000002
0.006640000000000001,0.12431334000000001
0.0066500000000000005,0.12622266
0.00666,0.12633292000000002
0.006670000000000001,0.1279076
0.00668,0.12790148
0.006690000000000001,0.12744518
0.0067,0.12732678
0.006710000000000001,0.12589241999999998
0.00672,0.1257584
0.006730000000000001,0.12392546
0.00674,0.12384428
0.006750000000000001,0.12218359999999999
0.00676,0.12208692000000002
0.006770000000000001,0.12063454
0.0067800000000000004,0.12056587999999999
0.006790000000000001,0.11928296000000001
0.0068000000000000005,0.11916092
0.006810000000000001,0.11885934000000001
0.0068200000000000005,0.118856
0.00683,0.11959637999999999
0.006840000000000001,0.11966640000000002
0.00685,0.12122838
0.006860000000000001,0.12132334
0.00687,0.12319628
0.006880000000000001,0.12329159999999999
0.00689,0.12520746
0.006900000000000001,0.12530893999999998
0.00691,0.12717188000000001
0.006920000000000001,0.12752642
0.00693,0.1277756
0.006940000000000001,0.1277908
0.0069500000000000004,0.1266728
0.006960000000000001,0.12659132
0.0069700000000000005,0.1248564
0.006980000000000001,0.12474226
0.0069900000000000006,0.12301214
0.007,0.12291294000000001
0.007010000000000001,0.12135294
0.00702,0.12126640000000002
0.007030000000000001,0.11992010000000002
0.00704,0.1198372
0.007050000000000001,0.11890584
0.00706,0.11888466
0.007070000000000001,0.11901051999999998
0.00708,0.11909694
0.007090000000000001,0.12029599999999999
0.0071,0.12041104
0.007110000000000001,0.1221828
0.0071200000000000005,0.12227186000000001
0.007130000000000001,0.12418268000000002
0.0071400000000000005,0.12429505999999999
0.007150000000000001,0.12619640000000001
0.0071600000000000006,0.12629479999999998
0.00717,0.12786373999999998
0.007180000000000001,0.12785184
0.00719,0.1273916
0.007200000000000001,0.1273036
0.00721,0.12585788
0.007220000000000001,0.1257312
0.00723,0.12388322
0.007240000000000001,0.12380412
0.00725,0.12213746
0.007260000000000001,0.12207173999999998
0.00727,0.12059771999999999
0.007280000000000001,0.12052558
0.0072900000000000005,0.11926586000000002
0.007300000000000001,0.11914426
0.0073100000000000005,0.118856
0.007320000000000001,0.11884614
0.007330000000000001,0.11960051999999999
0.00734,0.11965508
0.007350000000000001,0.12123772
0.00736,0.1213244
0.007370000000000001,0.12319108000000001
0.00738,0.12327854
0.007390000000000001,0.12521252
0.0074,0.125326
0.007410000000000001,0.12716880000000003
0.00742,0.12752188
0.007430000000000001,0.12779426000000002
0.00744,0.12777106
0.007450000000000001,0.12667028
0.0074600000000000005,0.12658892
0.007470000000000001,0.12486374
0.0074800000000000005,0.12475507999999999
0.007490000000000001,0.12300574000000002
0.007500000000000001,0.12290920000000001
0.00751,0.12137454
0.007520000000000001,0.12129306
0.00753,0.11990906000000001
0.007540000000000001,0.1198364
0.00755,0.11890560000000001
0.007560000000000001,0.11891388
0.00757,0.11903771999999999
0.007580000000000001,0.11913093999999999
0.00759,0.12031451999999998
0.007600000000000001,0.12041760000000001
0.0076100000000000004,0.12219574
0.007620000000000001,0.12228758000000002
0.0076300000000000005,0.12419279999999999
0.007640000000000001,0.12429332
0.0076500000000000005,0.1261972
0.007660000000000001,0.1262968
0.007670000000000001,0.12785854000000002
0.007680000000000001,0.12786054
0.007690000000000001,0.12738826
0.0077,0.12729452
0.007710000000000001,0.12585774
0.00772,0.12572134000000001
0.007730000000000001,0.12388974
0.00774,0.12379492
0.007750000000000001,0.12215373999999998
0.00776,0.12206948000000002
0.007770000000000001,0.12060520000000001
0.0077800000000000005,0.12053442
0.007790000000000001,0.11926346000000002
0.0078000000000000005,0.11919826
0.007810000000000001,0.11881667999999998
0.00782,0.11885932000000002
0.00783,0.11959612000000001
0.007840000000000001,0.1196512
0.007850000000000001,0.1212228
0.00786,0.1213196
0.00787,0.12317081999999999
0.00788,0.12327574000000001
0.007890000000000001,0.1251856
0.0079,0.12528732
0.00791,0.12714602
0.00792,0.12748708
0.007930000000000001,0.12775238
0.007940000000000001,0.12775116000000003
0.00795,0.12664574
0.00796,0.12656051999999998
0.007970000000000001,0.1248385
0.007980000000000001,0.12473467999999999
0.00799,0.12296186
0.008,0.1228972
0.008010000000000001,0.12134251999999998
0.008020000000000001,0.12125612000000001
0.00803,0.11989025999999998
0.00804,0.1198256
0.00805,0.1188908
0.008060000000000001,0.11889132
0.00807,0.11902905999999999
0.00808,0.11911186
0.00809,0.12030041999999999
0.008100000000000001,0.12042131999999998
0.008110000000000001,0.12218906
0.00812,0.12227305999999998
0.00813,0.1241992
0.008140000000000001,0.12430398000000001
0.008150000000000001,0.12619212000000002
0.00816,0.12628346
0.00817,0.12785706
0.008180000000000002,0.12784292
0.008190000000000001,0.12738388
0.0082,0.12727159999999998
0.00821,0.12583802
0.00822,0.12571588
0.008230000000000001,0.12387412
0.00824,0.12378491999999999
0.00825,0.12214905999999999
0.00826,0.122044
0.008270000000000001,0.12060040000000001
0.008280000000000001,0.12052014
0.00829,0.11927281999999999
0.0083,0.11915946
0.008310000000000001,0.11885559999999999
0.008320000000000001,0.11885227999999999
0.00833,0.11959827999999999
0.00834,0.1196644
0.008350000000000002,0.12123226000000001
0.008360000000000001,0.12130598
0.00837,0.12319906
0.00838,0.12329092
0.00839,0.12519732
0.008400000000000001,0.12530080000000002
0.00841,0.1271529
0.00842,0.12750014
0.00843,0.1277584
0.008440000000000001,0.12774718000000002
0.008450000000000001,0.126632
0.00846,0.12656346000000002
0.00847,0.12484120000000001
0.008480000000000001,0.12472346000000001
0.008490000000000001,0.12296879999999999
0.0085,0.12289306
0.00851,0.12132988
0.008520000000000002,0.12124734
0.008530000000000001,0.11988838000000002
0.00854,0.11983148000000002
0.00855,0.11888908000000001
0.00856,0.1188952
0.008570000000000001,0.11901678
0.00858,0.1191184
0.00859,0.12028054000000002
0.0086,0.12039988000000001
0.008610000000000001,0.12215240000000001
0.008620000000000001,0.12225454
0.00863,0.12415639999999999
0.00864,0.12425148
0.008650000000000001,0.12615463999999998
0.008660000000000001,0.12625026
0.00867,0.12780746
0.00868,0.12778866
0.008690000000000002,0.12731637999999998
0.008700000000000001,0.12723478
0.00871,0.1257904
0.00872,0.12566267999999997
0.00873,0.1238348
0.008740000000000001,0.12373878
0.00875,0.12210413999999999
0.00876,0.12202268000000001
0.00877,0.1205532
0.008780000000000001,0.12048774
0.008790000000000001,0.11922945999999998
0.0088,0.11912428
0.00881,0.11881680000000001
0.008820000000000001,0.11881894
0.008830000000000001,0.11956402000000002
0.00884,0.11962118
0.00885,0.12117971999999999
0.008860000000000002,0.12127628000000001
0.008870000000000001,0.12312304
0.00888,0.12322079999999999
0.00889,0.12512638
0.0089,0.12523413999999997
0.008910000000000001,0.12708188
0.00892,0.12740826
0.00893,0.12768386
0.00894,0.12768414
0.008950000000000001,0.12657668
0.008960000000000001,0.12648812
0.00897,0.12476891999999999
0.00898,0.12466772
0.008990000000000001,0.12290518000000002
0.009000000000000001,0.12282282
0.00901,0.12128799999999999
0.00902,0.12121158000000001
0.009030000000000002,0.11984666
0.009040000000000001,0.1197816
0.00905,0.11884159999999999
0.00906,0.11884466
0.00907,0.11896639999999999
0.009080000000000001,0.11908065999999999
0.00909,0.12024212000000001
0.0091,0.12036731999999999
0.00911,0.12211692
0.009120000000000001,0.12222933999999999
0.009130000000000001,0.12413910000000002
0.00914,0.12423093999999998
0.00915,0.12612212
0.009160000000000001,0.12622629999999999
0.009170000000000001,0.12778212
0.00918,0.12777732
0.00919,0.12731468
0.009200000000000002,0.12719748
0.009210000000000001,0.12576054
0.00922,0.12562386
0.00923,0.12381294000000001
0.00924,0.12371882000000001
0.009250000000000001,0.12206986
0.009260000000000001,0.12199557999999999
0.00927,0.12055428000000001
0.00928,0.12046159999999999
0.009290000000000001,0.11921438
0.009300000000000001,0.11909828
0.00931,0.11881148
0.00932,0.11880468000000002
0.009330000000000001,0.11954891999999999
0.009340000000000001,0.11960346
0.00935,0.12116880000000001
0.00936,0.12125374
0.009370000000000002,0.12312198
0.009380000000000001,0.12321294
0.00939,0.12512522
0.0094,0.12520506
0.00941,0.1270745
0.009420000000000001,0.12739852
0.009430000000000001,0.12768944
0.00944,0.12766574
0.00945,0.12656426
0.009460000000000001,0.12648332
0.009470000000000001,0.12475037999999998
0.00948,0.12466788
0.00949,0.12290212
0.009500000000000001,0.12281106
0.009510000000000001,0.1212744
0.00952,0.12118625999999999
0.00953,0.11983786
0.009540000000000002,0.11976586
0.009550000000000001,0.11884414000000001
0.00956,0.11883614
0.00957,0.11897348
0.00958,0.11907666000000001
0.009590000000000001,0.12024134
0.009600000000000001,0.12034198
0.00961,0.12211278
0.00962,0.12220548
0.009630000000000001,0.12408948000000002
0.009640000000000001,0.12419519999999999
0.00965,0.12609558
0.00966,0.12618654
0.009670000000000002,0.12775304
0.009680000000000001,0.12774745999999998
0.00969,0.1272884
0.0097,0.12718494000000002
0.009710000000000002,0.12575254
0.009720000000000001,0.12561838
0.00973,0.12379308
0.00974,0.1237172
0.00975,0.12206162000000001
0.009760000000000001,0.12197682000000001
0.009770000000000001,0.12053343999999999
0.00978,0.12046708000000002
0.00979,0.11920187999999998
0.009800000000000001,0.11909266
0.009810000000000001,0.11879814
0.00982,0.1188048
0.00983,0.11953625999999999
0.009840000000000002,0.11959159999999999
0.009850000000000001,0.12116134
0.00986,0.121254
0.00987,0.12310694
0.009880000000000002,0.12318974
0.009890000000000001,0.12511014
0.0099,0.12519611999999997
0.00991,0.1270696
0.00992,0.12740268000000002
0.009930000000000001,0.1276704
0.009940000000000001,0.12765891999999998
0.00995,0.12657158
0.00996,0.12648652
0.009970000000000001,0.12476798
0.009980000000000001,0.12466428
0.00999,0.12292718
0.01,0.12329173999999998
0.010010000000000002,0.12170202
0.010020000000000001,0.12163333999999999
0.01003,0.12023117999999999
0.01004,0.12016214
0.010050000000000002,0.1191249
0.010060000000000001,0.11903986
0.01007,0.11896066000000001
0.01008,0.11900042000000002
0.01009,0.12019814
0.010100000000000001,0.12027296000000001
0.010110000000000001,0.12204706000000001
0.01012,0.12214507999999999
0.01013,0.12403626000000001
0.010140000000000001,0.12416174000000002
0.010150000000000001,0.126062
0.01016,0.12617466
0.01017,0.12783519999999998
0.010180000000000002,0.12797532
0.010190000000000001,0.12798852
0.0102,0.1279008
0.01021,0.12640880000000002
0.010220000000000002,0.1262
0.010230000000000001,0.12429172
0.01024,0.12421308
0.01025,0.12250133999999999
0.01026,0.12243092
0.010270000000000001,0.12092666
0.010280000000000001,0.12086682
0.01029,0.11957654
0.0103,0.1195008
0.010310000000000001,0.11886638000000001
0.010320000000000001,0.11886722000000001
0.01033,0.11946616000000002
0.01034,0.11952974000000001
0.010350000000000002,0.12106412
0.010360000000000001,0.1211548
0.01037,0.12300359999999999
0.01038,0.12310746000000002
0.010390000000000002,0.1250292
0.010400000000000001,0.12513174
0.01041,0.12701094
0.01042,0.12718334000000003
0.01043,0.12811016
0.010440000000000001,0.12816012000000002
0.010450000000000001,0.1272184
0.01046,0.12711828
0.01047,0.12524106
0.010480000000000001,0.12513494
0.010490000000000001,0.12335428
0.0105,0.12325188000000001
0.01051,0.12168185999999999
0.010520000000000002,0.12158479999999998
0.010530000000000001,0.12020362
0.01054,0.12014359999999999
0.01055,0.11908906
0.010560000000000002,0.11900654
0.010570000000000001,0.11893106
0.01058,0.11899066
0.01059,0.12016706000000002
0.0106,0.120252
0.010610000000000001,0.12199334000000002
0.010620000000000001,0.12209054
0.01063,0.12400522
0.01064,0.12409079999999999
0.010650000000000001,0.126006
0.010660000000000001,0.1261105
0.01067,0.12779400000000002
0.01068,0.12794184
0.010690000000000002,0.12795892
0.010700000000000001,0.1278588
0.01071,0.12637294000000002
0.01072,0.12616438000000002
0.010730000000000002,0.12425663999999999
0.010740000000000001,0.1241684
0.010750000000000001,0.12246786000000001
0.01076,0.12238958
0.01077,0.12090664
0.010780000000000001,0.12083666
0.010790000000000001,0.11954932
0.0108,0.11947946000000001
0.01081,0.11884611999999999
0.010820000000000001,0.11885614
0.010830000000000001,0.11942973999999999
0.01084,0.11951263999999999
0.01085,0.1210296
0.010860000000000002,0.12113828
0.010870000000000001,0.12299746
0.01088,0.12310532
0.01089,0.12502562
0.010900000000000002,0.12512438
0.010910000000000001,0.12701614
0.010920000000000001,0.12717106
0.01093,0.12812562
0.01094,0.12816014
0.010950000000000001,0.12722920000000001
0.010960000000000001,0.12713892
0.01097,0.12526504
0.01098,0.12516118
0.010990000000000002,0.12335612
0.011000000000000001,0.12326987999999998
0.01101,0.12168108
0.01102,0.12159508
0.011030000000000002,0.12021185999999999
0.011040000000000001,0.12014571999999998
0.01105,0.11909412000000001
0.01106,0.11894693999999999
0.011070000000000002,0.11901413999999999
0.011080000000000001,0.11900465999999998
0.011090000000000001,0.12015800000000001
0.0111,0.12025882000000002
0.01111,0.12200200000000001
0.011120000000000001,0.12209867999999999
0.011130000000000001,0.12401146
0.01114,0.12411572
0.01115,0.12602640000000004
0.011160000000000002,0.12613068
0.011170000000000001,0.12780864
0.01118,0.12794425999999998
0.01119,0.12794948
0.011200000000000002,0.12784654
0.011210000000000001,0.1263756
0.01122,0.12617773999999998
0.01123,0.12426467999999999
0.011240000000000002,0.12417199999999999
0.011250000000000001,0.12247906
0.011260000000000001,0.12240014000000002
0.01127,0.12091652000000001
0.01128,0.12083692000000001
0.011290000000000001,0.11956452
0.011300000000000001,0.11949812
0.01131,0.11885628
0.01132,0.1188631
0.011330000000000002,0.11945267999999998
0.011340000000000001,0.11950812
0.01135,0.12103350000000002
0.01136,0.12113628000000001
0.011370000000000002,0.12300282
0.011380000000000001,0.12309026
0.01139,0.12502214
0.0114,0.12511425999999998
0.011410000000000002,0.12699691999999999
0.011420000000000001,0.12715614
0.011430000000000001,0.12810547999999997
0.01144,0.12815414
0.01145,0.1272209
0.011460000000000001,0.12713291999999998
0.011470000000000001,0.12525840000000002
0.01148,0.12513078
0.01149,0.12336224
0.011500000000000002,0.12325132000000001
0.011510000000000001,0.12166173999999999
0.01152,0.12159454
0.01153,0.12019974
0.011540000000000002,0.12013174
0.011550000000000001,0.11908718
0.01156,0.11895518000000001
0.01157,0.11899146000000001
0.011580000000000002,0.11898656
0.011590000000000001,0.12014228
0.011600000000000001,0.12022759999999999
0.01161,0.12196534
0.01162,0.12208652
0.011630000000000001,0.12398802
0.011640000000000001,0.12411145999999999
0.01165,0.1260224
0.01166,0.12611146
0.011670000000000002,0.12780094000000003
0.011680000000000001,0.12794264
0.01169,0.12796639999999998
0.0117,0.12786654
0.011710000000000002,0.12639558
0.011720000000000001,0.12618866
0.01173,0.12428091999999999
0.01174,0.12418346
0.011750000000000002,0.12248798000000001
0.011760000000000001,0.12239518
0.011770000000000001,0.12093598000000001
0.01178,0.12085826000000002
0.01179,0.1195588
0.011800000000000001,0.11950812
0.011810000000000001,0.11885277999999999
0.01182,0.11885774
0.01183,0.11943585999999999
0.011840000000000002,0.11950748
0.011850000000000001,0.12104266
0.01186,0.12113319999999998
0.01187,0.12300960000000001
0.011880000000000002,0.12309797999999998
0.011890000000000001,0.12502
0.0119,0.12512543999999998
0.01191,0.12700212
0.011920000000000002,0.12716054000000002
0.011930000000000001,0.12814293999999998
0.011940000000000001,0.12817626
0.01195,0.12723586
0.01196,0.12715732
0.011970000000000001,0.12527919999999998
0.011980000000000001,0.12517466000000002
0.01199,0.123366
0.012,0.12328482
0.012010000000000002,0.12168825999999999
0.012020000000000001,0.12161960000000001
0.01203,0.12022026
0.01204,0.12015788000000001
0.012050000000000002,0.11911411999999999
0.012060000000000001,0.11897625999999999
0.01207,0.11900214
0.01208,0.11899002
0.012090000000000002,0.12016879999999999
0.012100000000000001,0.12026440000000001
0.012110000000000001,0.12198173999999999
0.01212,0.12209170000000003
0.01213,0.12403667999999998
0.012140000000000001,0.12411934000000002
0.012150000000000001,0.12604239999999997
0.01216,0.12613880000000002
0.01217,0.12781199999999998
0.012180000000000002,0.12796772
0.012190000000000001,0.12798226000000001
0.0122,0.12789038
0.01221,0.12642134
0.012220000000000002,0.12619894
0.012230000000000001,0.12430652
0.012240000000000001,0.12421454000000001
0.01225,0.12252079999999999
0.012260000000000002,0.12241640000000001
0.012270000000000001,0.12094612
0.012280000000000001,0.12088331999999999
0.01229,0.11958104
0.0123,0.11951693999999999
0.012310000000000001,0.11887037999999998
0.012320000000000001,0.11887268000000002
0.01233,0.11945228
0.01234,0.11952174000000002
0.012350000000000002,0.12105971999999998
0.012360000000000001,0.12115972
0.01237,0.12299548
0.01238,0.123102
0.012390000000000002,0.12505384
0.012400000000000001,0.12515668
0.012410000000000001,0.12703936
0.01242,0.12719958
0.012430000000000002,0.12817414
0.012440000000000001,0.12822158
0.012450000000000001,0.12729304000000002
0.01246,0.12721280000000001
0.01247,0.12531866000000003
0.012480000000000002,0.12523362
0.012490000000000001,0.12340946000000001
0.0125,0.12331943999999999
0.01251,0.12173054000000001
0.012520000000000002,0.12165826000000002
0.012530000000000001,0.12026574000000001
0.01254,0.12018922000000001
0.01255,0.11914799999999999
0.012560000000000002,0.11906108
0.012570000000000001,0.11896199999999998
0.012580000000000001,0.11901414000000002
0.01259,0.12019882000000001
0.012600000000000002,0.12030774000000002
0.012610000000000001,0.12201997999999999
0.012620000000000001,0.12212816
0.01263,0.12405454
0.01264,0.12414399999999999
0.012650000000000002,0.12608456
0.012660000000000001,0.12619042
0.01267,0.1278616
0.01268,0.12802609999999998
0.012690000000000002,0.12804266
0.012700000000000001,0.12796106
0.01271,0.12647454
0.01272,0.12626972
0.012730000000000002,0.12434904
0.012740000000000001,0.12424476
0.012750000000000001,0.12256040000000001
0.01276,0.12249106000000001
0.012770000000000002,0.12097145999999999
0.012780000000000001,0.12090798
0.012790000000000001,0.11961401999999999
0.0128,0.11955266
0.01281,0.11890278000000001
0.012820000000000002,0.11889838
0.012830000000000001,0.1194788
0.01284,0.11954374000000001
0.01285,0.121084
0.012860000000000002,0.12117748000000002
0.012870000000000001,0.12302534000000001
0.01288,0.12314146000000001
0.01289,0.12507652
0.012900000000000002,0.12517798
0.012910000000000001,0.12705919999999998
0.012920000000000001,0.12723626000000002
0.01293,0.12821971999999998
0.012940000000000002,0.128256
0.012950000000000001,0.12730732
0.012960000000000001,0.12721665999999998
0.01297,0.1253536
0.01298,0.1252368
0.012990000000000002,0.12344108000000001
0.013000000000000001,0.12333357999999998
0.01301,0.12176506000000001
0.01302,0.12167188
0.013030000000000002,0.12029402
0.013040000000000001,0.12021002
0.01305,0.11914828000000002
0.01306,0.11900694
0.013070000000000002,0.11904424
0.013080000000000001,0.11902282
0.013090000000000001,0.12020945999999999
0.0131,0.12029854
0.013110000000000002,0.12204706000000001
0.013120000000000001,0.12214733999999998
0.013130000000000001,0.12409136000000001
0.01314,0.12416347999999999
0.01315,0.12611278
0.013160000000000002,0.12619652
0.013170000000000001,0.1278916
0.01318,0.1280524
0.01319,0.1280864
0.013200000000000002,0.1279805
0.013210000000000001,0.12650668
0.01322,0.12630903999999998
0.01323,0.12439681999999999
0.013240000000000002,0.12430332
0.013250000000000001,0.12259082000000002
0.013260000000000001,0.12251334
0.01327,0.12102265999999999
0.013280000000000002,0.1209432
0.013290000000000001,0.11964678
0.013300000000000001,0.11958294
0.01331,0.1189256
0.01332,0.118916
0.013330000000000002,0.11948266
0.013340000000000001,0.1195652
0.01335,0.12110602
0.01336,0.12118708
0.013370000000000002,0.12307334
0.013380000000000001,0.12318188
0.01339,0.12512492
0.0134,0.1252064
0.013410000000000002,0.12711762
0.013420000000000001,0.12727482
0.013430000000000001,0.12826494
0.01344,0.12830493999999998
0.013450000000000002,0.12735188000000003
0.013460000000000001,0.12729200000000002
0.013470000000000001,0.12539226
0.01348,0.12529572
0.01349,0.12348306
0.013500000000000002,0.12338626000000001
0.013510000000000001,0.12177772
0.01352,0.12171264
0.01353,0.12032013999999999
0.013540000000000002,0.12024186
0.013550000000000001,0.11919734
0.013560000000000001,0.11909746000000002
0.01357,0.11899412000000001
0.013580000000000002,0.11902642
0.013590000000000001,0.1202384
0.013600000000000001,0.12031348
0.01361,0.12207306
0.013620000000000002,0.12217682
0.013630000000000001,0.12409774
0.013640000000000001,0.12421362
0.01365,0.12613842
0.01366,0.12624
0.013670000000000002,0.12792186
0.013680000000000001,0.12808666
0.01369,0.12810588
0.0137,0.12802252000000003
0.013710000000000002,0.1265296
0.013720000000000001,0.12632212
0.013730000000000001,0.12441452
0.01374,0.12432292
0.013750000000000002,0.12262212000000001
0.013760000000000001,0.12252548
0.013770000000000001,0.12104401999999999
0.01378,0.12096944000000001
0.013790000000000002,0.11964520000000001
0.013800000000000002,0.119586
0.013810000000000001,0.11891437999999999
0.01382,0.11892692
0.01383,0.11950306
0.013840000000000002,0.11957186
0.013850000000000001,0.12112545999999999
0.01386,0.12120077999999998
0.01387,0.12309346000000002
0.013880000000000002,0.12319026
0.013890000000000001,0.12512680000000004
0.013900000000000001,0.12524226
0.01391,0.12714492000000002
0.013920000000000002,0.12729252
0.013930000000000001,0.12828346
0.013940000000000001,0.12832186
0.01395,0.12741001999999998
0.013960000000000002,0.12730066
0.013970000000000002,0.12542548
0.013980000000000001,0.12531414000000002
0.01399,0.12350532
0.014,0.12341746
0.014010000000000002,0.12181638000000002
0.014020000000000001,0.12173774
0.01403,0.12032908
0.01404,0.12026788
0.014050000000000002,0.11920185999999999
0.014060000000000001,0.11911626
0.014070000000000001,0.11900762000000001
0.01408,0.1190516
0.014090000000000002,0.12024320000000002
0.014100000000000001,0.12032441999999999
0.014110000000000001,0.12209306
0.01412,0.122194
0.014130000000000002,0.12412906000000001
0.014140000000000002,0.12422948
0.014150000000000001,0.12617252
0.01416,0.12628305999999997
0.01417,0.12797641999999998
0.014180000000000002,0.12813372
0.014190000000000001,0.12816758
0.0142,0.1280728
0.01421,0.12659104000000002
0.014220000000000002,0.12637826000000002
0.014230000000000001,0.12446254000000001
0.014240000000000001,0.12436491999999999
0.01425,0.12265959999999998
0.014260000000000002,0.12256172000000001
0.014270000000000001,0.12106906000000002
0.014280000000000001,0.12098414000000002
0.01429,0.11969797999999998
0.014300000000000002,0.11961694
0.014310000000000002,0.11895374
0.014320000000000001,0.11893078000000001
0.01433,0.11951772000000001
0.01434,0.11958746
0.014350000000000002,0.12115348
0.014360000000000001,0.12122972000000001
0.01437,0.12310946
0.01438,0.12321600000000002
0.014390000000000002,0.125168
0.014400000000000001,0.12526279999999998
0.014410000000000001,0.12716346
0.01442,0.12733773999999998
0.014430000000000002,0.12832918
0.014440000000000001,0.12837042
0.014450000000000001,0.12744065999999998
0.01446,0.12733506
0.014470000000000002,0.125452
0.014480000000000002,0.12533704
0.014490000000000001,0.12353412000000001
0.0145,0.12345172
0.01451,0.12184162000000001
0.014520000000000002,0.12176454
0.014530000000000001,0.12034732000000001
0.01454,0.12028362
0.01455,0.1192316
0.014560000000000002,0.1191264
0.014570000000000001,0.11901611999999999
0.014580000000000001,0.11906188000000002
0.01459,0.12026894000000002
0.014600000000000002,0.12034574
0.014610000000000001,0.12210656
0.014620000000000001,0.12219922000000001
0.01463,0.12416400000000001
0.014640000000000002,0.12425599999999999
0.014650000000000002,0.12620572000000002
0.014660000000000001,0.12629692
0.01467,0.12798878
0.01468,0.12814388000000002
0.014690000000000002,0.12817958000000002
0.014700000000000001,0.12808038
0.01471,0.12658814000000002
0.01472,0.12638454000000002
0.014730000000000002,0.12447332
0.014740000000000001,0.12437692
0.014750000000000001,0.12266506000000002
0.01476,0.12256774
0.014770000000000002,0.12105652
0.014780000000000001,0.12100079999999999
0.014790000000000001,0.1196928
0.0148,0.11962012000000002
0.014810000000000002,0.11893762000000001
0.014820000000000002,0.11893919999999998
0.014830000000000001,0.1195344
0.01484,0.11960093999999999
0.01485,0.12115692
0.014860000000000002,0.12125332
0.014870000000000001,0.12313906000000001
0.01488,0.12325227999999999
0.01489,0.1252216
0.014900000000000002,0.12531226
0.014910000000000001,0.12722536
0.014920000000000001,0.1273684
0.01493,0.12838922000000003
0.014940000000000002,0.1284141
0.014950000000000001,0.12748744
0.014960000000000001,0.12738744
0.01497,0.12549503999999997
0.014980000000000002,0.12538174
0.014990000000000002,0.12356626
0.015000000000000001,0.12347092
0.01501,0.12187012
0.01502,0.12179279999999999
0.015030000000000002,0.12036717999999999
0.015040000000000001,0.12029545999999999
0.015050000000000001,0.11923254000000001
0.01506,0.1191584
0.015070000000000002,0.11904264
0.015080000000000001,0.11908508
0.015090000000000001,0.12028947999999999
0.0151,0.12038774000000001
0.015110000000000002,0.12215614
0.015120000000000001,0.12225746
0.015130000000000001,0.12421533999999998
0.01514,0.12429774
0.015150000000000002,0.12624506
0.015160000000000002,0.12634612
0.015170000000000001,0.12803198
0.01518,0.12820654
0.01519,0.12823906000000002
0.015200000000000002,0.12813626
0.015210000000000001,0.12664798
0.015220000000000001,0.12643066
0.01523,0.124516
0.015240000000000002,0.12442066
0.015250000000000001,0.12269814000000001
0.015260000000000001,0.12262692
0.01527,0.12111706
0.015280000000000002,0.12102642
0.015290000000000002,0.11971454
0.015300000000000001,0.11965440000000001
0.01531,0.11898228
0.015320000000000002,0.11897308
0.015330000000000002,0.11954814
0.015340000000000001,0.11962708
0.01535,0.12118932
0.015360000000000002,0.12127320000000001
0.015370000000000002,0.12317054000000001
0.015380000000000001,0.12325652000000001
0.015390000000000001,0.12522506
0.0154,0.125322
0.015410000000000002,0.12722012
0.015420000000000001,0.127394
0.015430000000000001,0.12836172
0.01544,0.12841332
0.015450000000000002,0.12746947999999997
0.015460000000000002,0.12739104
0.015470000000000001,0.12548774000000001
0.01548,0.12537254
0.015490000000000002,0.12357359999999999
0.015500000000000002,0.12346292
0.015510000000000001,0.12185399999999999
0.01552,0.12177761999999999
0.015530000000000002,0.12036077999999999
0.015540000000000002,0.12029545999999999
0.015550000000000001,0.1192204
0.015560000000000001,0.11913879999999999
0.01557,0.11903707999999999
0.015580000000000002,0.11908718
0.015590000000000001,0.12030094
0.015600000000000001,0.12037734
0.01561,0.12216293999999998
0.015620000000000002,0.12224505999999999
0.01563,0.12420094000000001
0.01564,0.12430014
0.01565,0.12625546
0.01566,0.12635374
0.01567,0.12804520000000003
0.015680000000000003,0.12820054
0.015690000000000003,0.12823014
0.015700000000000002,0.12813334
0.015710000000000002,0.12664161999999998
0.01572,0.1264356
0.01573,0.12451665999999999
0.01574,0.12441317999999998
0.01575,0.12271426
0.01576,0.12260906
0.015770000000000003,0.12110946
0.015780000000000002,0.12102988
0.015790000000000002,0.11970772
0.0158,0.11964920000000001
0.01581,0.11897548
0.01582,0.11897066
0.01583,0.11955986
0.01584,0.11963251999999999
0.015850000000000003,0.12120094
0.015860000000000003,0.1213036
0.015870000000000002,0.12319068
0.015880000000000002,0.1232936
0.01589,0.12525494
0.0159,0.1253593
0.01591,0.12727162
0.01592,0.12743464
0.01593,0.12841212
0.015940000000000003,0.12844386000000002
0.015950000000000002,0.12750748
0.015960000000000002,0.12742586
0.01597,0.12551147999999998
0.01598,0.12542388
0.01599,0.12358063999999999
0.016,0.12350652
0.01601,0.12189092000000001
0.016020000000000003,0.12183574
0.016030000000000003,0.12038573999999999
0.016040000000000002,0.12031546
0.016050000000000002,0.11925136
0.01606,0.11916279999999999
0.01607,0.11906839999999999
0.01608,0.11911028000000001
0.01609,0.12032585999999998
0.0161,0.12042506
0.016110000000000003,0.12219786000000002
0.016120000000000002,0.12229466
0.016130000000000002,0.12423093999999998
0.01614,0.12433171999999999
0.01615,0.12628264000000003
0.01616,0.12637199999999998
0.01617,0.12808214
0.01618,0.1282244
0.016190000000000003,0.12824798
0.016200000000000003,0.12815414
0.016210000000000002,0.12665052
0.016220000000000002,0.12646118
0.01623,0.12452428
0.01624,0.12441626000000001
0.01625,0.12271267999999999
0.01626,0.12263317999999998
0.01627,0.12110812
0.016280000000000003,0.12103945999999999
0.016290000000000002,0.11972293999999999
0.016300000000000002,0.11966706
0.01631,0.11898708
0.01632,0.11898680000000002
0.01633,0.11959388
0.01634,0.11965186000000001
0.01635,0.12121826
0.016360000000000003,0.12131198000000001
0.016370000000000003,0.12317868000000001
0.016380000000000002,0.1232912
0.016390000000000002,0.12526932
0.0164,0.12534546
0.01641,0.12725308000000002
0.01642,0.12741478
0.01643,0.1284021
0.01644,0.12842853999999998
0.016450000000000003,0.12748092
0.016460000000000002,0.12739651999999999
0.016470000000000002,0.12550094
0.01648,0.12539384
0.01649,0.12358105999999999
0.0165,0.12348508
0.01651,0.12187758
0.01652,0.12180572
0.016530000000000003,0.12038572
0.016540000000000003,0.12031294
0.016550000000000002,0.11924094
0.016560000000000002,0.11915012
0.01657,0.11905292
0.01658,0.11911841999999999
0.01659,0.12031616
0.0166,0.12041628
0.01661,0.12218976000000001
0.016620000000000003,0.12228893999999998
0.016630000000000002,0.12422452000000002
0.016640000000000002,0.12432415999999999
0.01665,0.12628014000000004
0.01666,0.12637638
0.01667,0.12806559999999997
0.01668,0.12821598
0.01669,0.1282532
0.016700000000000003,0.12813118
0.016710000000000003,0.12664757999999998
0.016720000000000002,0.12643200000000002
0.016730000000000002,0.12451546
0.01674,0.12442586
0.01675,0.12270054
0.01676,0.12262360000000001
0.01677,0.12110908000000001
0.01678,0.12102852
0.016790000000000003,0.11972922000000001
0.016800000000000002,0.1196448
0.016810000000000002,0.11898173999999999
0.01682,0.11898226
0.01683,0.11960214
0.01684,0.11966252000000002
0.01685,0.12123919999999999
0.01686,0.12131465999999999
0.016870000000000003,0.12320477999999999
0.016880000000000003,0.12331054
0.016890000000000002,0.12524224
0.016900000000000002,0.1253756
0.01691,0.12727012
0.01692,0.12742358
0.01693,0.12839080000000003
0.01694,0.12845040000000002
0.01695,0.12750424000000002
0.016960000000000003,0.12739240000000002
0.016970000000000002,0.12548905999999999
0.016980000000000002,0.12539466000000002
0.01699,0.12357426
0.017,0.12347402
0.01701,0.12187571999999999
0.01702,0.12179308
0.01703,0.12039506
0.017040000000000003,0.12032411999999999
0.017050000000000003,0.11924776
0.017060000000000002,0.11909146
0.017070000000000002,0.1191381
0.01708,0.11912292
0.01709,0.12034868000000001
0.0171,0.12042496
0.01711,0.12218106
0.01712,0.12229306
0.017130000000000003,0.1242368
0.017140000000000002,0.12433108
0.017150000000000002,0.12626586
0.01716,0.126372
0.01717,0.12805186
0.01718,0.12820094
0.01719,0.12822080000000002
0.0172,0.12811
0.017210000000000003,0.12661588000000001
0.017220000000000003,0.1264112
0.017230000000000002,0.12447706
0.017240000000000002,0.12440202
0.01725,0.12268652
0.01726,0.12258774000000001
0.01727,0.12107547999999999
0.01728,0.12101717999999999
0.01729,0.11970586000000001
0.017300000000000003,0.11963093999999999
0.017310000000000002,0.11898466
0.017320000000000002,0.11898945999999999
0.01733,0.11958788000000001
0.01734,0.11965227999999999
0.01735,0.12120813999999999
0.01736,0.12130388
0.01737,0.12318599999999999
0.017380000000000003,0.12330014
0.017390000000000003,0.12523920000000002
0.017400000000000002,0.12535052
0.017410000000000002,0.12724242
0.01742,0.12739241999999998
0.01743,0.1283656
0.01744,0.12839398
0.01745,0.12744426
0.01746,0.12735946
0.017470000000000003,0.1254792
0.017480000000000002,0.12536428000000002
0.017490000000000002,0.12353828
0.0175,0.12344466000000001
0.01751,0.12184226000000001
0.01752,0.12176146000000002
0.01753,0.12035146000000001
0.01754,0.12027278
0.017550000000000003,0.11922519999999999
0.017560000000000003,0.11906584
0.017570000000000002,0.11912213999999999
0.017580000000000002,0.11909731999999999
0.01759,0.12032586
0.0176,0.12039453999999998
0.01761,0.12216305999999999
0.01762,0.12225508
0.01763,0.12418292
0.017640000000000003,0.12428586
0.017650000000000002,0.12622106
0.017660000000000002,0.12632172
0.01767,0.12800666
0.01768,0.12816945999999999
0.01769,0.12818266
0.0177,0.12808678
0.01771,0.12657492
0.017720000000000003,0.12635028
0.017730000000000003,0.12444666
0.017740000000000002,0.1243544
0.017750000000000002,0.12265012
0.01776,0.12256918000000001
0.01777,0.12105121999999999
0.01778,0.12097759999999999
0.01779,0.11967452
0.0178,0.1196148
0.017810000000000003,0.11895082000000001
0.017820000000000003,0.11896295999999999
0.017830000000000002,0.11955705999999999
0.01784,0.11963586
0.01785,0.12120412
0.01786,0.12127118
0.01787,0.12314293999999999
0.01788,0.123248
0.017890000000000003,0.12519454000000002
0.017900000000000003,0.12530294
0.017910000000000002,0.12719386
0.017920000000000002,0.12737292
0.01793,0.12831854000000004
0.01794,0.12834852
0.01795,0.1273952
0.01796,0.1273108
0.01797,0.12542999999999999
0.017980000000000003,0.12532692
0.017990000000000003,0.12349812
0.018000000000000002,0.12341611999999999
0.01801,0.12180572
0.01802,0.12172533999999999
0.01803,0.12031585999999998
0.01804,0.12025998
0.01805,0.11919732000000001
0.018060000000000003,0.1190492
0.018070000000000003,0.11911172
0.018080000000000002,0.11908748
0.018090000000000002,0.1203104
0.0181,0.12039065999999998
0.01811,0.12214786
0.01812,0.12224080000000001
0.01813,0.12416800000000001
0.01814,0.12426518
0.018150000000000003,0.1262132
0.018160000000000003,0.12630292
0.018170000000000002,0.12798454
0.01818,0.12813574
0.01819,0.12811946
0.0182,0.12802106
0.01821,0.1265428
0.01822,0.12632562
0.018230000000000003,0.12441317999999998
0.018240000000000003,0.12432357999999999
0.018250000000000002,0.12260945999999999
0.018260000000000002,0.1225224
0.01827,0.12102386000000001
0.01828,0.12096104
0.01829,0.11965798000000001
0.0183,0.1195848
0.01831,0.11893974
0.018320000000000003,0.11894278
0.018330000000000003,0.11955336000000001
0.018340000000000002,0.11959972
0.01835,0.121152
0.01836,0.12125668
0.01837,0.12312545999999999
0.01838,0.12322812000000001
0.01839,0.12516038000000002
0.018400000000000003,0.12529666
0.018410000000000003,0.12716171999999998
0.018420000000000002,0.12732024
0.018430000000000002,0.12827119999999997
0.01844,0.12831958000000002
0.01845,0.1273584
0.01846,0.12727304
0.01847,0.12539292
0.01848,0.12528534
0.018490000000000003,0.12346547999999999
0.018500000000000003,0.12338414
0.018510000000000002,0.12177666000000001
0.018520000000000002,0.12169319999999999
0.01853,0.12030586000000001
0.01854,0.12024680000000001
0.01855,0.11918202
0.01856,0.11903306
0.018570000000000003,0.11909386
0.018580000000000003,0.11907332000000001
0.018590000000000002,0.12026878
0.018600000000000002,0.12034666000000001
0.01861,0.12210094
0.01862,0.12218906
0.01863,0.12412227999999999
0.01864,0.12422051999999999
0.01865,0.126148
0.018660000000000003,0.12625012
0.018670000000000003,0.12790414
0.018680000000000002,0.12806614
0.018690000000000002,0.12806918
0.0187,0.12796642
0.01871,0.12647092
0.01872,0.12628214
0.01873,0.12437612
0.018740000000000003,0.12426960000000001
0.018750000000000003,0.12258437999999998
0.018760000000000002,0.12249306
0.018770000000000002,0.12099122
0.01878,0.12091224
0.01879,0.11962682
0.0188,0.11955933999999999
0.01881,0.11891146
0.01882,0.11890799999999999
0.018830000000000003,0.11951814000000001
0.018840000000000003,0.11959132000000001
0.018850000000000002,0.12111452
0.018860000000000002,0.12123094000000001
0.01887,0.12309068000000001
0.01888,0.12318093999999999
0.01889,0.12511745999999999
0.0189,0.12522558
0.018910000000000003,0.12711052
0.018920000000000003,0.12726214
0.018930000000000002,0.12820331999999998
0.018940000000000002,0.12824214
0.01895,0.1273144
0.01896,0.12723878000000002
0.01897,0.12532936
0.01898,0.12524546
0.01899,0.12340492
0.019000000000000003,0.12333374
0.019010000000000003,0.12174306000000001
0.019020000000000002,0.1216672
0.019030000000000002,0.12026788
0.01904,0.12020346
0.01905,0.11915282
0.01906,0.11908188
0.01907,0.11898465999999999
0.019080000000000003,0.11905402000000001
0.019090000000000003,0.12023188
0.019100000000000002,0.12032242
0.019110000000000002,0.12205851999999999
0.01912,0.12217386000000001
0.01913,0.12410174
0.01914,0.12421120000000001
0.01915,0.12612653999999998
0.01916,0.12623892
0.019170000000000003,0.12790668
0.019180000000000003,0.12805652
0.019190000000000002,0.1280648
0.019200000000000002,0.12795092000000002
0.01921,0.12647917999999997
0.01922,0.12626094
0.01923,0.12436828000000003
0.01924,0.12426708
0.019250000000000003,0.12256734
0.019260000000000003,0.12248038000000001
0.019270000000000002,0.12099425999999999
0.019280000000000002,0.12091694
0.01929,0.11961865999999999
0.0193,0.11955708000000001
0.01931,0.11891028
0.01932,0.11892146
0.01933,0.11951452
0.019340000000000003,0.11957974
0.019350000000000003,0.12113719999999999
0.019360000000000002,0.12121945999999999
0.019370000000000002,0.12308173999999998
0.01938,0.12318960000000001
0.01939,0.1251408
0.0194,0.12521746
0.01941,0.12710812
0.019420000000000003,0.12726668
0.019430000000000003,0.12821854
0.019440000000000002,0.12825734
0.019450000000000002,0.12732682
0.01946,0.12722162
0.01947,0.125338
0.01948,0.12523840000000003
0.01949,0.12342852
0.0195,0.12334852
0.019510000000000003,0.1217376
0.019520000000000003,0.12166143999999998
0.019530000000000002,0.12026198000000002
0.019540000000000002,0.1202072
0.01955,0.11915892000000002
0.01956,0.11907492
0.01957,0.11900385999999999
0.01958,0.11905922000000002
0.019590000000000003,0.12022784
0.019600000000000003,0.12031148
0.019610000000000002,0.12205668
0.019620000000000002,0.1221688
0.01963,0.12407757999999999
0.01964,0.124184
0.01965,0.12609172
0.01966,0.12619612
0.01967,0.127862
0.019680000000000003,0.1280216
0.019690000000000003,0.12803051999999998
0.019700000000000002,0.12792106
0.019710000000000002,0.12643252
0.01972,0.12622719999999998
0.01973,0.12431598000000002
0.01974,0.12423172
0.01975,0.12254228
0.019760000000000003,0.12243614
0.019770000000000003,0.12094521999999999
0.019780000000000002,0.12088532
0.019790000000000002,0.11958734
0.0198,0.11952480000000001
0.01981,0.11889184
0.01982,0.11889839999999999
0.01983,0.11948642000000001
0.01984,0.11955252000000001
0.019850000000000003,0.12107894000000001
0.019860000000000003,0.12118308
0.019870000000000002,0.12305134
0.019880000000000002,0.12314107999999999
0.01989,0.12508452
0.0199,0.12518254
0.01991,0.12706425999999998
0.01992,0.1272304
0.019930000000000003,0.12820198
0.019940000000000003,0.12821252
0.019950000000000002,0.12729372
0.019960000000000002,0.12720506
0.01997,0.12531986
0.01998,0.1252224
0.01999,0.12342002
0.02,0.123672
0.02001,0.12203374
0.020020000000000003,0.12195308
0.020030000000000003,0.12051707999999998
0.020040000000000002,0.12045441999999999
0.020050000000000002,0.1193544
0.02006,0.11921922
0.02007,0.11910266
0.02008,0.11907506000000001
0.02009,0.12020908
0.020100000000000003,0.12028932
0.020110000000000003,0.12204588000000001
0.020120000000000002,0.12214733999999998
0.020130000000000002,0.12408691999999999
0.02014,0.12419828
0.02015,0.12613665999999998
0.02016,0.12623238
0.02017,0.12795666
0.02018,0.12808506
0.020190000000000003,0.12837948
0.020200000000000003,0.12831694
0.020210000000000002,0.12686266
0.020220000000000002,0.1266836
0.02023,0.12472868
0.02024,0.12462386
0.02025,0.12287668
0.02026,0.12279200000000001
0.020270000000000003,0.121252
0.020280000000000003,0.12119225999999998
0.020290000000000002,0.11984586
0.020300000000000002,0.11979372000000002
0.02031,0.11905066
0.02032,0.11901880000000001
0.02033,0.11949267999999999
0.02034,0.11955494
0.02035,0.12108212
0.020360000000000003,0.12116656
0.020370000000000003,0.12304318
0.020380000000000002,0.12313746
0.020390000000000002,0.12509412
0.0204,0.12520599999999998
0.02041,0.12711891999999997
0.02042,0.12726144
0.02043,0.12834652
0.020440000000000003,0.12844172
0.020450000000000003,0.12768172
0.020460000000000002,0.12759360000000003
0.020470000000000002,0.12568852000000003
0.02048,0.1255948
0.02049,0.12372984000000001
0.0205,0.1236372
0.02051,0.12200040000000001
0.02052,0.12192026
0.020530000000000003,0.1204864
0.020540000000000003,0.1204324
0.020550000000000002,0.1193244
0.020560000000000002,0.11920652000000001
0.02057,0.11907534000000002
0.02058,0.1190632
0.02059,0.12017748000000002
0.0206,0.12027637999999999
0.020610000000000003,0.12201197999999999
0.020620000000000003,0.12211145999999999
0.020630000000000003,0.12405092
0.020640000000000002,0.12412733999999999
0.02065,0.12609122
0.02066,0.12620263999999998
0.02067,0.12792534
0.02068,0.1280572
0.02069,0.12834143999999997
0.020700000000000003,0.12826746
0.020710000000000003,0.12680144000000002
0.020720000000000002,0.12662944
0.020730000000000002,0.12468105999999998
0.02074,0.1245776
0.02075,0.12283188
0.02076,0.12274612
0.02077,0.12123252
0.020780000000000003,0.12114042
0.020790000000000003,0.11981974
0.020800000000000003,0.11974428
0.020810000000000002,0.11904482000000001
0.02082,0.11899066
0.02083,0.1194776
0.02084,0.11955718
0.02085,0.12105668
0.02086,0.12115415999999998
0.020870000000000003,0.12303120000000001
0.020880000000000003,0.12313294
0.020890000000000002,0.12511292000000002
0.020900000000000002,0.1251876
0.02091,0.12710198
0.02092,0.12725398000000002
0.02093,0.12834279999999998
0.02094,0.1284536
0.020950000000000003,0.1276781
0.020960000000000003,0.12761467999999998
0.020970000000000003,0.12572174
0.020980000000000002,0.12560120000000002
0.02099,0.1237504
0.021,0.12366254000000002
0.02101,0.12203158
0.02102,0.12195906000000001
0.02103,0.12051428
0.021040000000000003,0.12045905999999999
0.021050000000000003,0.11934853999999999
0.021060000000000002,0.11922308
0.021070000000000002,0.11910574
0.02108,0.119086
0.02109,0.1202072
0.0211,0.12029680000000001
0.02111,0.12203838
0.021120000000000003,0.12213732000000002
0.021130000000000003,0.12407518
0.021140000000000003,0.12417960000000001
0.021150000000000002,0.12613011999999998
0.02116,0.12625186
0.02117,0.12798492
0.02118,0.1280788
0.02119,0.1283773
0.0212,0.12830345999999998
0.021210000000000003,0.12685918000000002
0.021220000000000003,0.12666172
0.021230000000000002,0.12471308
0.021240000000000002,0.12461959999999998
0.02125,0.12288638
0.02126,0.12279480000000001
0.02127,0.12125948
0.02128,0.12120091999999998
0.021290000000000003,0.11987626
0.021300000000000003,0.11981467999999999
0.021310000000000003,0.11907825999999999
0.021320000000000002,0.11904413999999999
0.021330000000000002,0.11951587999999999
0.02134,0.11958202
0.02135,0.12108585999999999
0.02136,0.12116894
0.02137,0.12306294
0.021380000000000003,0.12315175999999999
0.021390000000000003,0.12510402
0.021400000000000002,0.12521584000000002
0.021410000000000002,0.12712494000000002
0.02142,0.1272681
0.02143,0.12834692
0.02144,0.12846960000000002
0.02145,0.12768984
0.021460000000000003,0.12761371999999999
0.021470000000000003,0.125718
0.021480000000000003,0.12561348
0.021490000000000002,0.12376743999999999
0.021500000000000002,0.12367826
0.02151,0.12203958
0.02152,0.12196146
0.02153,0.12052068
0.02154,0.120452
0.021550000000000003,0.11935425999999998
0.021560000000000003,0.11930414
0.021570000000000002,0.11905426
0.021580000000000002,0.119092
0.02159,0.12021546000000001
0.0216,0.12029174000000001
0.02161,0.12202974
0.02162,0.12215998000000002
0.021630000000000003,0.12407170000000001
0.021640000000000003,0.12418119999999999
0.021650000000000003,0.12610986
0.021660000000000002,0.12620998
0.021670000000000002,0.12794787999999999
0.02168,0.12806120000000001
0.02169,0.12837972000000003
0.0217,0.12829866
0.02171,0.12682294
0.021720000000000003,0.12666492000000001
0.021730000000000003,0.12470922
0.021740000000000002,0.12460560000000001
0.021750000000000002,0.12286614
0.02176,0.12278014
0.02177,0.12125704
0.02178,0.12117359999999999
0.02179,0.11985774
0.021800000000000003,0.11979760000000002
0.021810000000000003,0.11906586
0.021820000000000003,0.11902146
0.021830000000000002,0.11949812
0.021840000000000002,0.11956510000000002
0.02185,0.12108534
0.02186,0.12117122
0.02187,0.12304773999999999
0.02188,0.12314173999999997
0.021890000000000003,0.1250996
0.021900000000000003,0.12518866
0.021910000000000002,0.1270916
0.021920000000000002,0.12725917999999997
0.02193,0.12834105999999998
0.02194,0.12845414
0.02195,0.12768332
0.02196,0.12760317999999998
0.021970000000000003,0.12570734
0.021980000000000003,0.12561094
0.021990000000000003,0.12374720000000002
0.022000000000000002,0.12366974000000001
0.022010000000000002,0.12202531999999999
0.02202,0.12194438
0.02203,0.12052945999999998
0.02204,0.12045786
0.02205,0.1193508
0.022060000000000003,0.11922785999999999
0.022070000000000003,0.11910905999999999
0.022080000000000002,0.11907665999999999
0.022090000000000002,0.12019264
0.0221,0.12027106000000001
0.02211,0.12201451999999999
0.02212,0.12211774
0.02213,0.1240616
0.022140000000000003,0.12415788000000001
0.022150000000000003,0.1261116
0.022160000000000003,0.12619503999999998
0.022170000000000002,0.12793228
0.022180000000000002,0.12805158
0.02219,0.12834266
0.0222,0.128274
0.02221,0.12680788
0.02222,0.12662986
0.022230000000000003,0.12470228000000001
0.022240000000000003,0.12458106
0.022250000000000002,0.1228696
0.022260000000000002,0.12274802
0.02227,0.12124198
0.02228,0.12115879999999998
0.02229,0.11984452000000001
0.0223,0.11979466000000001
0.022310000000000003,0.11905253999999998
0.022320000000000003,0.11900065999999998
0.022330000000000003,0.11949068
0.022340000000000002,0.11954240000000001
0.022350000000000002,0.12105054
0.02236,0.12115252000000001
0.02237,0.12299852
0.02238,0.12311399999999999
0.02239,0.12505639999999998
0.022400000000000003,0.12516945999999998
0.022410000000000003,0.12707946
0.022420000000000002,0.12723066
0.022430000000000002,0.12830599999999998
0.02244,0.12842506
0.02245,0.12764744
0.02246,0.12757214
0.02247,0.12567334
0.022480000000000003,0.12558386
0.022490000000000003,0.1237212
0.022500000000000003,0.12362746
0.022510000000000002,0.12200826000000001
0.022520000000000002,0.12192506
0.02253,0.12050426
0.02254,0.12041865999999998
0.02255,0.1193268
0.02256,0.11919694
0.022570000000000003,0.1190776
0.022580000000000003,0.11904158000000001
0.022590000000000002,0.12016972
0.022600000000000002,0.12025998
0.02261,0.1219832
0.02262,0.12209252
0.02263,0.12402280000000002
0.02264,0.12412748
0.022650000000000003,0.126076
0.022660000000000003,0.12617145999999999
0.022670000000000003,0.12792228
0.022680000000000002,0.12792344
0.022690000000000002,0.12844054
0.0227,0.12827106
0.02271,0.12679358000000002
0.02272,0.12663908
0.02273,0.12466026000000001
0.022740000000000003,0.12456748000000002
0.022750000000000003,0.12283398000000001
0.022760000000000002,0.12275654
0.022770000000000002,0.12121586
0.02278,0.12114784
0.02279,0.11982774
0.0228,0.11976852
0.02281,0.119036
0.022820000000000003,0.11896973999999998
0.022830000000000003,0.11947252
0.022840000000000003,0.11952718
0.022850000000000002,0.12103108
0.022860000000000002,0.12113546
0.02287,0.12300694000000001
0.02288,0.1230893
0.02289,0.12504388000000002
0.0229,0.12515331999999998
0.022910000000000003,0.12707012
0.022920000000000003,0.12722879999999998
0.022930000000000002,0.12830705999999997
0.022940000000000002,0.1284304
0.02295,0.12764865999999997
0.02296,0.12756482
0.02297,0.1256948
0.02298,0.1255944
0.022990000000000003,0.12373428
0.023000000000000003,0.12363081999999999
0.023010000000000003,0.12200254000000002
0.023020000000000002,0.12192588
0.023030000000000002,0.12051772000000001
0.02304,0.12043477999999999
0.02305,0.11931266
0.02306,0.11920278
0.02307,0.11905745999999999
0.023080000000000003,0.11904211999999999
0.023090000000000003,0.1201492
0.023100000000000002,0.12026054
0.023110000000000002,0.12199466
0.02312,0.12208786
0.02313,0.12404211999999999
0.02314,0.12412668
0.02315,0.12608522
0.023160000000000004,0.12619294
0.023170000000000003,0.12792588
0.023180000000000003,0.12804094000000002
0.023190000000000002,0.12836280000000003
0.023200000000000002,0.12828146
0.02321,0.12682268
0.02322,0.12664946
0.02323,0.12469707999999999
0.02324,0.12460089999999999
0.023250000000000003,0.12286771999999999
0.023260000000000003,0.12277372
0.023270000000000002,0.12125371999999998
0.023280000000000002,0.12115228
0.02329,0.1198532
0.0233,0.1197892
0.02331,0.11904105999999999
0.02332,0.11899134
0.023330000000000004,0.119472
0.023340000000000003,0.11953974
0.023350000000000003,0.12103840000000002
0.023360000000000002,0.12112788
0.023370000000000002,0.12302986
0.02338,0.12313331999999999
0.02339,0.12508452
0.0234,0.12518185999999998
0.02341,0.12710012
0.023420000000000003,0.12724666
0.023430000000000003,0.12835264
0.023440000000000003,0.12846638
0.023450000000000002,0.1277032
0.02346,0.12762238
0.02347,0.12572162
0.02348,0.12562294000000002
0.02349,0.12376278
0.023500000000000004,0.12366557999999998
0.023510000000000003,0.12203454
0.023520000000000003,0.12196148
0.023530000000000002,0.12052787999999999
0.023540000000000002,0.12046412000000002
0.02355,0.11933802
0.02356,0.11922668
0.02357,0.11909264000000001
0.02358,0.11905957999999998
0.023590000000000003,0.12019640000000001
0.023600000000000003,0.12028348
0.023610000000000003,0.122028
0.023620000000000002,0.12212346
0.02363,0.12406373999999998
0.02364,0.124194
0.02365,0.12612694
0.02366,0.12623772
0.023670000000000004,0.12796162
0.023680000000000003,0.12811026
0.023690000000000003,0.12840574
0.023700000000000002,0.12833677999999998
0.023710000000000002,0.12686946000000002
0.02372,0.12669973999999998
0.02373,0.12475362000000001
0.02374,0.12464748
0.02375,0.12290428
0.023760000000000003,0.12281412
0.023770000000000003,0.12127758
0.023780000000000003,0.12120174000000002
0.023790000000000002,0.11987065999999999
0.0238,0.11981011999999999
0.02381,0.11907762000000002
0.02382,0.11900557999999999
0.02383,0.11948918
0.023840000000000004,0.1195676
0.023850000000000003,0.12108224000000001
0.023860000000000003,0.12116226000000001
0.023870000000000002,0.12306999999999998
0.023880000000000002,0.12316453999999999
0.02389,0.12512372
0.0239,0.12523814000000003
0.02391,0.12715397999999997
0.02392,0.1273108
0.023930000000000003,0.12841412
0.023940000000000003,0.12853092
0.023950000000000003,0.12775999999999998
0.023960000000000002,0.12768172
0.02397,0.1257892
0.02398,0.12569012000000002
0.02399,0.12382066
0.024,0.12372696000000001
0.024010000000000004,0.12208798000000001
0.024020000000000003,0.12201614000000001
0.024030000000000003,0.1205724
0.024040000000000002,0.12049506000000001
0.024050000000000002,0.11937814
0.02406,0.11926094000000001
0.02407,0.11911239999999998
0.02408,0.11908425999999998
0.02409,0.12022374
0.024100000000000003,0.12032187999999999
0.024110000000000003,0.12206480000000001
0.024120000000000003,0.12215962
0.024130000000000002,0.12413028
0.02414,0.12422987999999999
0.02415,0.12618882
0.02416,0.12628319999999998
0.02417,0.1280428
0.024180000000000004,0.12815758000000002
0.024190000000000003,0.128472
0.024200000000000003,0.12839748
0.024210000000000002,0.12692920000000002
0.024220000000000002,0.1267552
0.02423,0.12478506
0.02424,0.12469092
0.02425,0.1229368
0.02426,0.12286988000000001
0.024270000000000003,0.12130228000000001
0.024280000000000003,0.1212356
0.024290000000000003,0.11990598000000001
0.024300000000000002,0.1198536
0.024310000000000002,0.11909586000000001
0.02432,0.11904452000000001
0.02433,0.11953426
0.02434,0.11958063999999999
0.024350000000000004,0.12111451999999998
0.024360000000000003,0.1212024
0.024370000000000003,0.12309254
0.024380000000000002,0.12321199999999999
0.024390000000000002,0.12517024
0.0244,0.12525172
0.02441,0.12719198
0.02442,0.1273484
0.02443,0.12844238
0.024440000000000003,0.12857024
0.024450000000000003,0.1278012
0.024460000000000003,0.12771053999999998
0.024470000000000002,0.12580574000000003
0.024480000000000002,0.12570226
0.02449,0.12384599999999998
0.0245,0.12376304
0.02451,0.12211560000000002
0.024520000000000004,0.12202906
0.024530000000000003,0.12058081999999999
0.024540000000000003,0.12051828
0.024550000000000002,0.11939571999999998
0.024560000000000002,0.11933746
0.02457,0.11905584
0.02458,0.1191068
0.02459,0.12023133999999999
0.0246,0.12032412
0.024610000000000003,0.12208783999999999
0.024620000000000003,0.12219506
0.024630000000000003,0.12413853999999999
0.024640000000000002,0.12424827999999999
0.024650000000000002,0.12619788
0.02466,0.12631428
0.02467,0.12804494000000002
0.02468,0.12815772
0.024690000000000004,0.12848948
0.024700000000000003,0.12841624000000001
0.024710000000000003,0.126938
0.024720000000000002,0.12677906
0.024730000000000002,0.12480722
0.02474,0.12472413999999998
0.02475,0.12297082000000001
0.02476,0.12287454000000002
0.02477,0.12133000000000001
0.024780000000000003,0.12124212000000001
0.024790000000000003,0.11992251999999999
0.024800000000000003,0.11986268
0.024810000000000002,0.11908894
0.024820000000000002,0.11904161999999999
0.02483,0.11953974
0.02484,0.11960454000000001
0.02485,0.12112452
0.024860000000000004,0.12122786
0.024870000000000003,0.12312159999999998
0.024880000000000003,0.12322012
0.024890000000000002,0.12519986
0.024900000000000002,0.12530493999999998
0.02491,0.12721426
0.02492,0.12734638
0.02493,0.12848173999999998
0.02494,0.12859373999999998
0.024950000000000003,0.12781932
0.024960000000000003,0.12774517999999999
0.024970000000000003,0.12584332
0.024980000000000002,0.12573106
0.024990000000000002,0.12388212000000001
0.025,0.12377562000000002
0.02501,0.12212028
0.02502,0.12205612000000002
0.025030000000000004,0.12060292000000002
0.025040000000000003,0.1205236
0.025050000000000003,0.11940026
0.025060000000000002,0.1193932
0.025070000000000002,0.11902705999999999
0.02508,0.11910681999999999
0.02509,0.12026107999999999
0.0251,0.12036147999999999
0.02511,0.12211588
0.025120000000000003,0.12222680000000001
0.025130000000000003,0.12419533999999999
0.025140000000000003,0.1242799
0.025150000000000002,0.12624332
0.025160000000000002,0.12634572
0.02517,0.12809426
0.02518,0.12821692
0.02519,0.12852760000000002
0.025200000000000004,0.12845721999999998
0.025210000000000003,0.12697482
0.025220000000000003,0.12681225999999998
0.025230000000000002,0.12484892
0.025240000000000002,0.12475118
0.02525,0.12299145999999998
0.02526,0.12290558
0.02527,0.12135613999999999
0.02528,0.12128068
0.025290000000000003,0.11994160000000001
0.025300000000000003,0.11987774
0.025310000000000003,0.11911399999999998
0.025320000000000002,0.11907212
0.025330000000000002,0.11956094000000002
0.02534,0.11962054
0.02535,0.12116347999999999
0.02536,0.12125734000000002
0.025370000000000004,0.12314734000000001
0.025380000000000003,0.12324788
0.025390000000000003,0.125234
0.025400000000000002,0.12531572
0.025410000000000002,0.12725466000000002
0.02542,0.12741292
0.02543,0.12850188
0.02544,0.12862197999999997
0.02545,0.12784575999999997
0.025460000000000003,0.127766
0.025470000000000003,0.12585226
0.025480000000000003,0.12574400000000002
0.025490000000000002,0.12388574000000001
0.025500000000000002,0.12379506
0.02551,0.12214224
0.02552,0.12206481999999999
0.02553,0.120628
0.025540000000000004,0.1205376
0.025550000000000003,0.11941508
0.025560000000000003,0.11929172000000002
0.025570000000000002,0.11915558
0.025580000000000002,0.11913546
0.02559,0.12027826
0.0256,0.12036343999999999
0.02561,0.12214879999999999
0.02562,0.122234
0.025630000000000003,0.12419480000000001
0.025640000000000003,0.12430572
0.025650000000000003,0.12625958
0.025660000000000002,0.12634892
0.025670000000000002,0.12810294
0.02568,0.12823517999999998
0.02569,0.12853158
0.0257,0.12845451999999996
0.025710000000000004,0.127004
0.025720000000000003,0.12681440000000002
0.025730000000000003,0.12484598
0.025740000000000002,0.12475131999999997
0.025750000000000002,0.12300014
0.02576,0.12289505999999999
0.02577,0.12135628000000001
0.02578,0.12128103999999999
0.02579,0.11993319999999999
0.025800000000000003,0.11987626
0.025810000000000003,0.11912414
0.025820000000000003,0.1190672
0.025830000000000002,0.1195624
0.025840000000000002,0.1196305
0.02585,0.12117012
0.02586,0.12126627999999999
0.02587,0.12315466
0.025880000000000004,0.12324945999999999
0.025890000000000003,0.12523558
0.025900000000000003,0.12533840000000002
0.025910000000000002,0.12726679999999999
0.025920000000000002,0.12743748
0.02593,0.12852360000000002
0.02594,0.12864334
0.02595,0.12785668
0.02596,0.12778318
0.025970000000000003,0.12585266
0.025980000000000003,0.12576346
0.025990000000000003,0.1238856
0.026000000000000002,0.12379957999999999
0.026010000000000002,0.12213934
0.02602,0.12207252000000002
0.02603,0.12061081999999998
0.02604,0.12054042000000001
0.026050000000000004,0.11941746
0.026060000000000003,0.11929812
0.026070000000000003,0.11916279999999999
0.026080000000000002,0.11919054
0.026090000000000002,0.12021812000000001
0.0261,0.12037294000000001
0.02611,0.12215228
0.02612,0.12224840000000001
0.02613,0.12420972
0.026140000000000004,0.12431294
0.026150000000000003,0.12625882000000002
0.026160000000000003,0.12637828
0.026170000000000002,0.12811376
0.026180000000000002,0.12814986
0.02619,0.12865317999999998
0.0262,0.12847292000000002
0.02621,0.12700162
0.026220000000000004,0.12685024
0.026230000000000003,0.12486882000000002
0.026240000000000003,0.12476866
0.026250000000000002,0.12300012
0.026260000000000002,0.12292973999999998
0.02627,0.12136454
0.02628,0.12128362000000001
0.02629,0.11995838
0.0263,0.11988518
0.026310000000000004,0.11913082
0.026320000000000003,0.11906067999999999
0.026330000000000003,0.11958426
0.026340000000000002,0.11962948
0.026350000000000002,0.12119173999999999
0.02636,0.12128025999999999
0.02637,0.12317492000000001
0.02638,0.12329134000000001
0.026390000000000004,0.1252732
0.026400000000000003,0.12536428
0.026410000000000003,0.12728731999999998
0.026420000000000003,0.12744188
0.026430000000000002,0.12854065999999997
0.02644,0.12865350000000003
0.02645,0.12788012
0.02646,0.12779468
0.02647,0.12587812
0.026480000000000004,0.12578456
0.026490000000000003,0.12390706
0.026500000000000003,0.12380653999999999
0.026510000000000002,0.12216772000000001
0.026520000000000002,0.12209148
0.02653,0.12062534
0.02654,0.12055252000000001
0.02655,0.11943146000000002
0.026560000000000004,0.11931162
0.026570000000000003,0.1191716
0.026580000000000003,0.11914494
0.026590000000000003,0.12028986
0.026600000000000002,0.1203892
0.02661,0.12216347999999999
0.02662,0.12224784
0.02663,0.12420694000000002
0.02664,0.12432158
0.026650000000000004,0.12627906
0.026660000000000003,0.126398
0.026670000000000003,0.12812534
0.026680000000000002,0.12825308
0.026690000000000002,0.12854922
0.0267,0.12846318
0.02671,0.12700468000000004
0.02672,0.12682306000000002
0.026730000000000004,0.12485134
0.026740000000000003,0.12476412
0.026750000000000003,0.12300426
0.026760000000000003,0.12290894000000001
0.026770000000000002,0.12136962
0.02678,0.12128038
0.02679,0.11993400000000001
0.0268,0.11986839999999999
0.02681,0.11912802
0.026820000000000004,0.11906962000000001
0.026830000000000003,0.11958611999999999
0.026840000000000003,0.11964840000000002
0.026850000000000002,0.12119440000000001
0.026860000000000002,0.12127386
0.02687,0.12317879999999999
0.02688,0.12328586000000001
0.02689,0.12525840000000002
0.026900000000000004,0.12536026
0.026910000000000003,0.12728146
0.026920000000000003,0.1274404
0.026930000000000003,0.12852586
0.026940000000000002,0.12865174000000001
0.02695,0.12788
0.02696,0.12779492
0.02697,0.12587412
0.02698,0.125772
0.026990000000000004,0.12390520000000001
0.027000000000000003,0.12380466000000001
0.027010000000000003,0.12217014000000001
0.027020000000000002,0.12207466
0.027030000000000002,0.12062414000000002
0.02704,0.12054117999999998
0.02705,0.11942931999999999
0.02706,0.11931414
0.027070000000000004,0.11916348000000002
0.027080000000000003,0.11915693999999999
0.027090000000000003,0.12031106
0.027100000000000003,0.12039322000000001
0.027110000000000002,0.12216453999999999
0.027120000000000002,0.12226573999999998
0.02713,0.12423548
0.02714,0.12433000000000001
0.02715,0.12629614
0.027160000000000004,0.1264052
0.027170000000000003,0.12814
0.027180000000000003,0.12827544
0.027190000000000002,0.12855213999999998
0.027200000000000002,0.12848946
0.02721,0.12701706
0.02722,0.12686186000000002
0.02723,0.12486866
0.027240000000000004,0.12478971999999999
0.027250000000000003,0.12300572000000001
0.027260000000000003,0.12293056
0.027270000000000003,0.12137251999999998
0.027280000000000002,0.12131708000000001
0.027290000000000002,0.11994654
0.0273,0.11990934
0.02731,0.11914334
0.02732,0.11910077999999999
0.027330000000000004,0.11960731999999999
0.027340000000000003,0.11967973999999999
0.027350000000000003,0.12122839999999999
0.027360000000000002,0.12131082
0.027370000000000002,0.12320614
0.02738,0.12331240000000002
0.02739,0.12531172
0.0274,0.12538868
0.027410000000000004,0.12731692
0.027420000000000003,0.12748054
0.027430000000000003,0.12855278
0.027440000000000003,0.12866946
0.027450000000000002,0.12790091999999997
0.027460000000000002,0.12781506
0.02747,0.12590172000000002
0.02748,0.12580638
0.02749,0.12393974
0.027500000000000004,0.12382586
0.027510000000000003,0.12217348000000001
0.027520000000000003,0.12209240000000002
0.027530000000000002,0.12064598
0.027540000000000002,0.12057559999999998
0.02755,0.11944922
0.02756,0.11934945999999999
0.02757,0.11920998000000001
0.027580000000000004,0.11919188
0.027590000000000003,0.12035720000000001
0.027600000000000003,0.12042508
0.027610000000000003,0.12220161999999998
0.027620000000000002,0.12230052
0.027630000000000002,0.12425067999999999
0.02764,0.12436213999999998
0.02765,0.1263169
0.02766,0.12642998
0.027670000000000004,0.12814282000000002
0.027680000000000003,0.12828334
0.027690000000000003,0.12856758
0.027700000000000002,0.1284964
0.027710000000000002,0.1270276
0.02772,0.12684428
0.02773,0.12486771999999999
0.02774,0.12478145999999998
0.027750000000000004,0.12303014000000001
0.027760000000000003,0.12293333999999997
0.027770000000000003,0.12137548000000001
0.027780000000000003,0.12131214000000001
0.027790000000000002,0.11996454000000001
0.027800000000000002,0.11991649999999998
0.02781,0.11916282
0.02782,0.11910998000000002
0.02783,0.1196211
0.027840000000000004,0.11968464000000001
0.027850000000000003,0.12123666
0.027860000000000003,0.12130548000000001
0.027870000000000002,0.12321268
0.027880000000000002,0.12331546000000002
0.02789,0.125288
0.0279,0.12537586
0.02791,0.12729746
0.027920000000000004,0.12746146
0.027930000000000003,0.12853547999999998
0.027940000000000003,0.12865986000000001
0.027950000000000003,0.12787717999999998
0.027960000000000002,0.12777946
0.027970000000000002,0.12586866
0.02798,0.12576454
0.02799,0.12388840000000001
0.028,0.12380880000000001
0.028010000000000004,0.12215722
0.028020000000000003,0.12208694
0.028030000000000003,0.12062200000000001
0.028040000000000002,0.12054424000000001
0.028050000000000002,0.11944094000000001
0.02806,0.11931865999999999
0.02807,0.11919120000000001
0.02808,0.11917453999999998
0.028090000000000004,0.12031894000000001
0.028100000000000003,0.1204008
0.028110000000000003,0.12219586
0.028120000000000003,0.1222868
0.028130000000000002,0.12425025999999999
0.028140000000000002,0.12433454000000002
0.02815,0.12629358000000002
0.02816,0.12640891999999998
0.02817,0.12813412000000002
0.028180000000000004,0.12825948
0.028190000000000003,0.12854903999999998
0.028200000000000003,0.12846304
0.028210000000000002,0.12700294
0.028220000000000002,0.12683026
0.02823,0.12486931999999999
0.02824,0.12475094
0.02825,0.1230164
0.028260000000000004,0.12289931999999999
0.028270000000000003,0.12136788000000001
0.028280000000000003,0.12129424
0.028290000000000003,0.11995162
0.028300000000000002,0.11988533999999999
0.028310000000000002,0.11916172
0.02832,0.11910948000000002
0.02833,0.11960534
0.02834,0.11967117999999999
0.028350000000000004,0.12120562000000001
0.028360000000000003,0.12131505999999999
0.028370000000000003,0.12318612
0.028380000000000002,0.12327426
0.028390000000000002,0.12524998
0.0284,0.12536187999999998
0.02841,0.12727174
0.02842,0.12741838
0.028430000000000004,0.12851333999999998
0.028440000000000003,0.128636
0.028450000000000003,0.12782971999999998
0.028460000000000003,0.12775933999999997
0.028470000000000002,0.12584238
0.028480000000000002,0.12574091999999998
0.02849,0.12387079999999999
0.0285,0.12378468000000001
0.02851,0.12214359999999999
0.028520000000000004,0.12204598
0.028530000000000003,0.12062387999999999
0.028540000000000003,0.12054854
0.028550000000000002,0.11942053999999999
0.028560000000000002,0.11929826000000002
0.02857,0.11918214
0.02858,0.11915692
0.02859,0.12031454
0.028600000000000004,0.12037934000000002
0.028610000000000003,0.12213812000000002
0.028620000000000003,0.12224905999999999
0.028630000000000003,0.12418359999999999
0.028640000000000002,0.12428522
0.028650000000000002,0.12624452
0.02866,0.12634266
0.02867,0.12808198
0.02868,0.12818732000000002
0.028690000000000004,0.12847866
0.028700000000000003,0.12839653999999998
0.028710000000000003,0.12692682
0.028720000000000002,0.12675776
0.028730000000000002,0.12479948
0.02874,0.12468666000000002
0.02875,0.12293454
0.02876,0.12283809999999999
0.028770000000000004,0.12130626
0.028780000000000003,0.12122802000000002
0.028790000000000003,0.11990428
0.028800000000000003,0.11984558000000001
0.028810000000000002,0.11909639999999999
0.028820000000000002,0.11903906
0.02883,0.11954198
0.02884,0.11962186
0.02885,0.1211492
0.028860000000000004,0.12124425999999999
0.028870000000000003,0.12312468000000001
0.028880000000000003,0.12322506000000003
0.028890000000000002,0.12517984
0.028900000000000002,0.12530026
0.02891,0.12721054
0.02892,0.12735972
0.02893,0.12844268
0.028940000000000004,0.12855358
0.028950000000000004,0.12777054000000002
0.028960000000000003,0.12770211999999997
0.028970000000000003,0.12577546
0.028980000000000002,0.12568266
0.028990000000000002,0.12380452000000002
0.029,0.12371734000000001
0.02901,0.12207454
0.02902,0.12199442
0.029030000000000004,0.12057960000000001
0.029040000000000003,0.12048588
0.029050000000000003,0.11936826
0.029060000000000002,0.11925186000000002
0.029070000000000002,0.11913532
0.02908,0.1191112
0.02909,0.12024454
0.0291,0.12034572000000002
0.029110000000000004,0.12209772
0.029120000000000004,0.12220025999999999
0.029130000000000003,0.12415214
0.029140000000000003,0.12426134
0.029150000000000002,0.1262105
0.029160000000000002,0.12633106
0.02917,0.12807266
0.02918,0.12816706
0.02919,0.12846428000000001
0.029200000000000004,0.12838560000000002
0.029210000000000003,0.1269364
0.029220000000000003,0.12674922000000002
0.029230000000000003,0.12478882
0.029240000000000002,0.1246732
0.02925,0.12293225999999999
0.02926,0.12284574
0.02927,0.12131452000000001
0.029280000000000004,0.12121334000000002
0.029290000000000004,0.11989997999999999
0.029300000000000003,0.11984119999999998
0.029310000000000003,0.11910053999999999
0.029320000000000002,0.11905105999999999
0.029330000000000002,0.11955332
0.02934,0.11961668
0.02935,0.12114746000000001
0.02936,0.12123466000000001
0.029370000000000004,0.12311372000000001
0.029380000000000003,0.12322199999999998
0.029390000000000003,0.12520492
0.029400000000000003,0.1252916
0.029410000000000002,0.12720104000000002
0.02942,0.12735944
0.02943,0.12845162000000002
0.02944,0.12856278
0.029450000000000004,0.12779974
0.029460000000000004,0.12769652
0.029470000000000003,0.12580252
0.029480000000000003,0.1256908
0.029490000000000002,0.12382318
0.029500000000000002,0.1237388
0.02951,0.12209026
0.02952,0.12201254000000002
0.02953,0.12058096
0.029540000000000004,0.12050732
0.029550000000000003,0.11938788
0.029560000000000003,0.1192687
0.029570000000000003,0.11916668000000001
0.029580000000000002,0.11914613999999998
0.02959,0.1202656
0.0296,0.12035734000000001
0.02961,0.12210025999999999
0.029620000000000004,0.12221945999999999
0.029630000000000004,0.12416398000000002
0.029640000000000003,0.1242652
0.029650000000000003,0.12620360000000003
0.029660000000000002,0.12633386
0.029670000000000002,0.12805508000000002
0.02968,0.12816266
0.02969,0.1284648
0.0297,0.12837266
0.029710000000000004,0.12692466
0.029720000000000003,0.1267452
0.029730000000000003,0.12477999999999997
0.029740000000000003,0.12467052
0.029750000000000002,0.12293826000000001
0.02976,0.12283708
0.02977,0.12131322
0.02978,0.12124028
0.029790000000000004,0.11989976
0.029800000000000004,0.11984131999999999
0.029810000000000003,0.11910773999999999
0.029820000000000003,0.11907466
0.029830000000000002,0.11956465999999999
0.029840000000000002,0.1196268
0.02985,0.1211316
0.02986,0.12123972000000001
0.02987,0.12313772
0.029880000000000004,0.12321082000000001
0.029890000000000003,0.12519628
0.029900000000000003,0.12528734
0.029910000000000003,0.12720905999999998
0.029920000000000002,0.1273628
0.029930000000000002,0.12847948
0.02994,0.12857614
0.02995,0.1277932
0.029960000000000004,0.12770704
0.029970000000000004,0.12581534
0.029980000000000003,0.12570547999999998
0.029990000000000003,0.12385468
0.030000000000000002,0.12411026
0.030010000000000002,0.12242188000000001
0.03002,0.1223332
0.03003,0.12086319999999999
0.03004,0.12078172000000001
0.030050000000000004,0.11958094
0.030060000000000003,0.11951106
0.030070000000000003,0.119178
0.030080000000000003,0.11916065999999999
0.030090000000000002,0.1202408
0.030100000000000002,0.12031186
0.03011,0.12207428000000001
0.03012,0.12218122000000001
0.030130000000000004,0.12412548000000001
0.030140000000000004,0.12423374000000001
0.030150000000000003,0.12620562
0.030160000000000003,0.12629437999999998
0.030170000000000002,0.12809668000000002
0.030180000000000002,0.12826546
0.03019,0.12869802000000002
0.0302,0.12867332
0.03021,0.12733642
0.030220000000000004,0.12715855999999998
0.030230000000000003,0.12515838
0.030240000000000003,0.1250692
0.030250000000000003,0.12328214
0.030260000000000002,0.12318305999999998
0.030270000000000002,0.12160173999999999
0.03028,0.12152840000000001
0.03029,0.12013773999999999
0.030300000000000004,0.1200724
0.030310000000000004,0.11925052
0.030320000000000003,0.11917064
0.030330000000000003,0.11954373999999998
0.030340000000000002,0.11959746
0.030350000000000002,0.12111854
0.03036,0.12121094000000002
0.03037,0.12308786000000001
0.03038,0.12319402000000002
0.030390000000000004,0.1251836
0.030400000000000003,0.12527746
0.030410000000000003,0.12722454
0.030420000000000003,0.12732468
0.030430000000000002,0.12874987999999998
0.030440000000000002,0.12870828
0.03045,0.12829585999999998
0.03046,0.12811414000000002
0.030470000000000004,0.12619428000000002
0.030480000000000004,0.12608292
0.030490000000000003,0.12419414
0.030500000000000003,0.12409480000000002
0.030510000000000002,0.12241294
0.030520000000000002,0.12232014
0.03053,0.120866
0.03054,0.12077506
0.03055,0.1195884
0.030560000000000004,0.11950722
0.030570000000000003,0.11918732000000001
0.030580000000000003,0.11915492000000001
0.030590000000000003,0.12024455999999999
0.030600000000000002,0.12034280000000001
0.030610000000000002,0.12208506000000001
0.03062,0.12218758
0.03063,0.1241468
0.030640000000000004,0.12425465999999999
0.030650000000000004,0.12620906
0.030660000000000003,0.12630734000000002
0.030670000000000003,0.12811946000000002
0.030680000000000002,0.12829010000000002
0.030690000000000002,0.12871292
0.0307,0.12869722
0.03071,0.12735252
0.030720000000000004,0.12715906000000002
0.030730000000000004,0.12516374
0.030740000000000003,0.12507934
0.030750000000000003,0.1232907
0.030760000000000003,0.12319158
0.030770000000000002,0.1216344
0.030780000000000002,0.12154496
0.03079,0.12018279999999999
0.0308,0.120082
0.030810000000000004,0.11927534
0.030820000000000004,0.11918906
0.030830000000000003,0.11956187999999998
0.030840000000000003,0.11962294
0.030850000000000002,0.12112894
0.030860000000000002,0.12122200000000001
0.03087,0.1231196
0.03088,0.12323158000000001
0.030890000000000004,0.12521266
0.030900000000000004,0.12530388
0.030910000000000003,0.12723494000000002
0.030920000000000003,0.12734214
0.030930000000000003,0.12877961999999998
0.030940000000000002,0.12872329999999998
0.030950000000000002,0.12833574
0.03096,0.12816094
0.03097,0.12622438000000002
0.030980000000000004,0.12612652
0.030990000000000004,0.12423134
0.031000000000000003,0.12412961999999998
0.031010000000000003,0.12244746
0.031020000000000002,0.12237962
0.031030000000000002,0.12089372000000001
0.03104,0.1208332
0.03105,0.11961997999999999
0.031060000000000004,0.1195468
0.031070000000000004,0.11921534
0.031080000000000003,0.11919360000000001
0.031090000000000003,0.12026774
0.031100000000000003,0.12035852
0.031110000000000002,0.12210760000000001
0.031120000000000002,0.12220891999999998
0.03113,0.12417386000000001
0.03114,0.1242872
0.031150000000000004,0.12624868
0.031160000000000004,0.1263724
0.031170000000000003,0.128172
0.031180000000000003,0.12831918
0.031190000000000002,0.12874438
0.031200000000000002,0.12871799999999997
0.03121,0.12739772
0.03122,0.12719651999999998
0.031230000000000004,0.12520572000000002
0.031240000000000004,0.12510598
0.03125,0.12332984
0.03126,0.12321520000000001
0.03127,0.12165736
0.03128,0.12157946000000001
0.031290000000000005,0.12019359999999998
0.0313,0.12013038000000001
0.031310000000000004,0.11925171999999999
0.03132,0.11921972
0.031330000000000004,0.11958371999999999
0.03134,0.11964825999999999
0.03135,0.12115815999999999
0.031360000000000006,0.12123865999999998
0.03137,0.1231484
0.031380000000000005,0.12324522
0.03139,0.12523746
0.031400000000000004,0.12533066
0.03141,0.12726842
0.031420000000000003,0.12737212
0.03143,0.12877906
0.03144,0.12874466
0.031450000000000006,0.12834896
0.03146,0.12817373999999998
0.031470000000000005,0.12623918
0.03148,0.12613157999999997
0.031490000000000004,0.1242432
0.0315,0.12415812
0.03151,0.12246266000000001
0.03152,0.12237666
0.03153,0.12089346000000001
0.031540000000000006,0.12082106000000001
0.03155,0.11961558000000001
0.031560000000000005,0.11956562000000001
0.03157,0.11922786
0.031580000000000004,0.11919465999999998
0.03159,0.12027172
0.0316,0.12034920000000002
0.03161,0.12211214000000001
0.03162,0.12221506
0.031630000000000005,0.12416932
0.03164,0.12427252
0.031650000000000005,0.12625094
0.03166,0.12634158
0.031670000000000004,0.12814972
0.03168,0.12832000000000002
0.03169,0.1287496
0.031700000000000006,0.12870720000000002
0.03171,0.12737572
0.031720000000000005,0.12719732
0.03173,0.1252092
0.031740000000000004,0.12510496
0.03175,0.12331
0.031760000000000004,0.12324546
0.03177,0.12165867999999999
0.03178,0.12156692
0.031790000000000006,0.12019546
0.0318,0.12012774000000001
0.031810000000000005,0.11924986
0.03182,0.11921002
0.031830000000000004,0.11958282
0.03184,0.11962359999999998
0.03185,0.12115922000000001
0.03186,0.12123322
0.03187,0.12314118
0.031880000000000006,0.12322934
0.03189,0.12520441999999998
0.031900000000000005,0.1253184
0.03191,0.12725064
0.031920000000000004,0.12736719999999999
0.03193,0.12877587999999998
0.03194,0.12873358000000001
0.03195,0.12834052
0.03196,0.128164
0.031970000000000005,0.12622908
0.03198,0.12612588000000002
0.031990000000000005,0.12423078000000001
0.032,0.12414294000000001
0.032010000000000004,0.12244345999999999
0.03202,0.12236346000000001
0.03203,0.12088291999999998
0.032040000000000006,0.12081452
0.03205,0.11961333999999998
0.032060000000000005,0.11955346
0.03207,0.11920266000000002
0.032080000000000004,0.11918464
0.03209,0.12027054
0.032100000000000004,0.12035722
0.03211,0.12209642000000001
0.03212,0.12220386000000001
0.032130000000000006,0.12417294000000001
0.03214,0.12425852
0.032150000000000005,0.12623411999999998
0.03216,0.12633042
0.032170000000000004,0.12813307999999998
0.03218,0.12830174
0.03219,0.12873054
0.0322,0.1287053
0.03221,0.12736572000000002
0.032220000000000006,0.1271852
0.03223,0.12519748000000003
0.032240000000000005,0.12509467999999999
0.03225,0.12332225999999999
0.032260000000000004,0.12322160000000001
0.03227,0.1216564
0.03228,0.12157826000000001
0.03229,0.12019122
0.0323,0.12009986000000002
0.032310000000000005,0.11928774
0.03232,0.11920774
0.032330000000000005,0.11956014000000001
0.03234,0.11963734000000001
0.032350000000000004,0.12114639999999999
0.03236,0.12123721999999999
0.03237,0.12310918
0.032380000000000006,0.12322546000000001
0.03239,0.12519426
0.032400000000000005,0.12529774000000002
0.03241,0.12724744
0.032420000000000004,0.12735546
0.03243,0.12876948000000002
0.032440000000000004,0.12873174
0.03245,0.12830745999999998
0.03246,0.12816426
0.032470000000000006,0.12622278
0.03248,0.12610466
0.032490000000000005,0.12423999999999999
0.0325,0.1241368
0.032510000000000004,0.1224556
0.03252,0.12236626000000002
0.03253,0.12088904
0.03254,0.12082628
0.03255,0.11961828
0.032560000000000006,0.1195551
0.03257,0.11922306
0.032580000000000005,0.11919318000000001
0.03259,0.12027413999999999
0.032600000000000004,0.12035586000000001
0.03261,0.12208532000000001
0.03262,0.12220838
0.03263,0.12416508
0.03264,0.12425054000000002
0.032650000000000005,0.12624974
0.03266,0.12634746
0.032670000000000005,0.12813158
0.03268,0.1283184
0.032690000000000004,0.1287388
0.0327,0.12873025999999999
0.03271,0.1273996
0.032720000000000006,0.12720814
0.03273,0.12521317999999998
0.032740000000000005,0.12510548
0.03275,0.12330292000000001
0.032760000000000004,0.12322506
0.03277,0.12165374
0.032780000000000004,0.12157722
0.03279,0.12021679999999998
0.0328,0.12015346
0.032810000000000006,0.11926107999999999
0.03282,0.11921214
0.032830000000000005,0.11959614
0.03284,0.11964174000000001
0.032850000000000004,0.121144
0.03286,0.12124534000000001
0.03287,0.12313719999999999
0.03288,0.12324266000000002
0.03289,0.1252076
0.032900000000000006,0.12530892
0.03291,0.12726346
0.032920000000000005,0.12736786000000003
0.03293,0.12878026000000004
0.032940000000000004,0.12876011999999998
0.03295,0.12835612000000002
0.03296,0.12816666
0.03297,0.12624345999999997
0.03298,0.12615558
0.032990000000000005,0.12425786000000001
0.033,0.12414852000000001
0.033010000000000005,0.122458
0.03302,0.12238534000000001
0.033030000000000004,0.120906
0.03304,0.12084068
0.03305,0.1196348
0.033060000000000006,0.11956465999999999
0.03307,0.11921454000000001
0.033080000000000005,0.11919108
0.03309,0.12027362
0.033100000000000004,0.12036492000000001
0.03311,0.12211986000000001
0.033120000000000004,0.12221212
0.03313,0.12416279999999999
0.03314,0.12428505999999999
0.033150000000000006,0.12624802000000002
0.03316,0.12635571999999998
0.033170000000000005,0.12815864
0.03318,0.12831531999999998
0.033190000000000004,0.12876478
0.0332,0.12873306
0.03321,0.12740548000000002
0.03322,0.12721734
0.03323,0.12522894
0.033240000000000006,0.12513656
0.03325,0.12333639999999998
0.033260000000000005,0.12324117999999999
0.03327,0.12166918
0.033280000000000004,0.12158548
0.03329,0.12023442
0.0333,0.12017466000000002
0.03331,0.11927491999999999
0.03332,0.11922386
0.033330000000000005,0.11958468
0.03334,0.11965440000000001
0.033350000000000005,0.12113504000000001
0.03336,0.12124386000000001
0.033370000000000004,0.12313412000000001
0.03338,0.12324188
0.03339,0.12521974000000002
0.033400000000000006,0.12531638
0.03341,0.12726640000000003
0.033420000000000005,0.12735308
0.03343,0.12877824000000002
0.033440000000000004,0.12875557999999998
0.03345,0.1283612
0.033460000000000004,0.12819148
0.03347,0.12624586
0.03348,0.12613987999999998
0.033490000000000006,0.12424533999999998
0.0335,0.12414720000000001
0.033510000000000005,0.12247559999999999
0.03352,0.12239174
0.033530000000000004,0.12091652000000001
0.03354,0.12085707999999999
0.03355,0.11964866
0.03356,0.11956734
0.03357,0.11920986
0.033580000000000006,0.11918734
0.03359,0.12026437999999999
0.033600000000000005,0.12035214000000001
0.03361,0.12210066
0.033620000000000004,0.12220961999999999
0.03363,0.1241648
0.03364,0.12426758
0.03365,0.12624746
0.03366,0.1263336
0.033670000000000005,0.12812918
0.03368,0.12830318000000002
0.033690000000000005,0.12875282000000002
0.0337,0.12873402
0.033710000000000004,0.12738854
0.03372,0.12721546
0.03373,0.12519972
0.033740000000000006,0.12511200000000003
0.03375,0.12331813999999999
0.033760000000000005,0.12322691999999999
0.03377,0.12164134
0.033780000000000004,0.12157042
0.03379,0.12020016
0.033800000000000004,0.12012746
0.03381,0.11924386000000001
0.03382,0.11918158000000001
0.033830000000000006,0.11956108000000001
0.03384,0.11961493999999999
0.033850000000000005,0.12111826
0.03386,0.1212064
0.033870000000000004,0.12311426
0.03388,0.12321028
0.03389,0.12519466
0.0339,0.12529918
0.03391,0.12724987999999998
0.033920000000000006,0.12733908
0.03393,0.12876212
0.033940000000000005,0.1287528
0.03395,0.12833718
0.033960000000000004,0.12817196000000003
0.03397,0.12624464
0.03398,0.12615186
0.03399,0.12423614000000001
0.034,0.12413026
0.034010000000000006,0.12245466
0.03402,0.12236666
0.034030000000000005,0.12089026
0.03404,0.12083148000000002
0.034050000000000004,0.11961934
0.03406,0.1195484
0.03407,0.11919411999999999
0.034080000000000006,0.11916092
0.03409,0.12025506000000001
0.034100000000000005,0.12033198
0.03411,0.12208598
0.034120000000000004,0.12218146
0.03413,0.12415850000000002
0.034140000000000004,0.12426308
0.03415,0.12625492
0.03416,0.12633799999999998
0.034170000000000006,0.1281344
0.03418,0.12831772
0.034190000000000005,0.12875774
0.0342,0.1287224
0.034210000000000004,0.12739638
0.03422,0.1272088
0.034230000000000003,0.125202
0.03424,0.12512134000000003
0.03425,0.12331745999999999
0.034260000000000006,0.12324399999999999
0.03427,0.12165056
0.034280000000000005,0.12156414
0.03429,0.12019335999999999
0.034300000000000004,0.12014026
0.03431,0.11925652
0.03432,0.11920866000000001
0.03433,0.11956226
0.03434,0.11961788
0.034350000000000006,0.12112682000000001
0.03436,0.12121933999999998
0.034370000000000005,0.12309492
0.03438,0.12322788
0.034390000000000004,0.12518278
0.0344,0.12528226
0.03441,0.127242
0.034420000000000006,0.12732866
0.03443,0.12875704
0.034440000000000005,0.12872814
0.03445,0.1283296
0.034460000000000005,0.1281524
0.03447,0.12623332
0.034480000000000004,0.12611666000000002
0.03449,0.12423106000000002
0.0345,0.12414758
0.034510000000000006,0.12244334000000001
0.03452,0.12234934
0.034530000000000005,0.12088225999999999
0.03454,0.1208096
0.034550000000000004,0.11959918
0.03456,0.11953053999999999
0.034570000000000004,0.11917092
0.03458,0.119218
0.03459,0.12016534000000001
0.034600000000000006,0.1203128
0.03461,0.12206082
0.034620000000000005,0.12218974
0.03463,0.1241264
0.034640000000000004,0.12425452000000001
0.03465,0.12620548
0.03466,0.12630638
0.03467,0.12810882
0.03468,0.12826704000000003
0.034690000000000006,0.12872894
0.0347,0.128694
0.034710000000000005,0.1273616
0.03472,0.12717144
0.034730000000000004,0.12518974
0.03474,0.1250936
0.03475,0.12328638
0.034760000000000006,0.12320268000000001
0.03477,0.12162972000000001
0.034780000000000005,0.12154868
0.03479,0.12018559999999998
0.034800000000000005,0.12011506000000001
0.03481,0.11922602
0.034820000000000004,0.11918200000000001
0.03483,0.11955814000000001
0.03484,0.11960945999999999
0.034850000000000006,0.12110292
0.03486,0.12120762
0.034870000000000005,0.12310079999999998
0.03488,0.12321108
0.034890000000000004,0.12520253999999997
0.0349,0.12531414000000002
0.034910000000000004,0.12723266
0.03492,0.12731798
0.03493,0.12877639999999999
0.034940000000000006,0.1287456
0.03495,0.1283444
0.034960000000000005,0.1281788
0.03497,0.12625053999999997
0.034980000000000004,0.12612468
0.03499,0.12423493999999999
0.035,0.12414414
0.03501,0.12245188
0.03502,0.12238922
0.035030000000000006,0.12088106000000001
0.03504,0.12081680000000002
0.035050000000000005,0.119632
0.03506,0.11954482
0.035070000000000004,0.11919986
0.03508,0.11916215999999999
0.03509,0.1202604
0.035100000000000006,0.12034388
0.03511,0.12210014
0.035120000000000005,0.12218292000000001
0.03513,0.12415666
0.035140000000000005,0.12426973999999999
0.03515,0.12623984
0.035160000000000004,0.12633239999999998
0.03517,0.12813254000000002
0.03518,0.1283153
0.035190000000000006,0.12874384
0.0352,0.12871413999999998
0.035210000000000005,0.12736598000000002
0.03522,0.12718997999999998
0.035230000000000004,0.12520292
0.03524,0.12511012
0.035250000000000004,0.12331014
0.03526,0.12323586
0.03527,0.12164000000000001
0.035280000000000006,0.12155546000000002
0.03529,0.12018451999999999
0.035300000000000005,0.12013051999999999
0.03531,0.1192448
0.035320000000000004,0.11918014000000002
0.03533,0.11956039999999998
0.03534,0.11961068
0.03535,0.12112547999999998
0.03536,0.12122731999999999
0.035370000000000006,0.12310441999999999
0.03538,0.12319628
0.035390000000000005,0.125192
0.0354,0.12528466
0.035410000000000004,0.12721880000000002
0.03542,0.12731186
0.03543,0.12874840000000004
0.035440000000000006,0.12870933999999998
0.03545,0.12830706
0.035460000000000005,0.12813976
0.03547,0.12620266000000002
0.035480000000000005,0.12609
0.03549,0.12419494
0.035500000000000004,0.12410225999999999
0.03551,0.12243042
0.03552,0.12236011999999999
0.035530000000000006,0.12086252
0.03554,0.12079988000000001
0.035550000000000005,0.11958948
0.03556,0.119528
0.035570000000000004,0.11917414
0.03558,0.11915986
0.035590000000000004,0.12022814
0.0356,0.12030908
0.03561,0.12207720000000002
0.035620000000000006,0.12217212
0.03563,0.1241368
0.035640000000000005,0.12423613999999998
0.03565,0.12619428
0.035660000000000004,0.12629426000000002
0.03567,0.1281012
0.03568,0.12826211999999998
0.03569,0.1286909
0.0357,0.12867920000000002
0.035710000000000006,0.1273548
0.03572,0.1271564
0.035730000000000005,0.12517373999999998
0.03574,0.1250812
0.035750000000000004,0.12329265999999998
0.03576,0.12319733999999997
0.03577,0.12161494000000002
0.035780000000000006,0.12153038000000001
0.03579,0.1201608
0.035800000000000005,0.12009600000000001
0.03581,0.11922161999999999
0.035820000000000005,0.11916308
0.03583,0.11954947999999999
0.035840000000000004,0.11960428000000001
0.03585,0.12110186
0.03586,0.12120948000000001
0.035870000000000006,0.12309374
0.03588,0.12318557999999999
0.035890000000000005,0.12516268
0.0359,0.12526748
0.035910000000000004,0.12720558
0.03592,0.12730719999999998
0.035930000000000004,0.12872824
0.03594,0.1286804
0.03595,0.1282896
0.035960000000000006,0.1281177
0.03597,0.12617921999999998
0.035980000000000005,0.12607998
0.03599,0.12418372
0.036000000000000004,0.12409292000000001
0.03601,0.12241012
0.03602,0.12232666
0.03603,0.12085934000000001
0.03604,0.12077279999999999
0.036050000000000006,0.11958600000000001
0.03606,0.11952305999999999
0.036070000000000005,0.11917693999999998
0.03608,0.11922534
0.036090000000000004,0.12016826
0.0361,0.12030626
0.03611,0.12206976
0.036120000000000006,0.12217066000000001
0.03613,0.12411572
0.036140000000000005,0.12420346
0.03615,0.12615894
0.036160000000000005,0.12628385999999997
0.03617,0.12806656
0.036180000000000004,0.12824560000000002
0.03619,0.12867678000000002
0.0362,0.1286388
0.036210000000000006,0.12730345999999998
0.03622,0.12712508
0.036230000000000005,0.12514786
0.03624,0.12503294
0.036250000000000004,0.12324335999999998
0.03626,0.12317187999999998
0.036270000000000004,0.12159534000000001
0.03628,0.12151696000000001
0.03629,0.12014678000000001
0.036300000000000006,0.12008506000000001
0.03631,0.11919906
0.036320000000000005,0.11914106
0.03633,0.11953948
0.036340000000000004,0.11958228000000001
0.03635,0.12107760000000001
0.03636,0.12117454000000001
0.03637,0.12306787999999999
0.03638,0.12317039999999999
0.036390000000000006,0.1251476
0.0364,0.12524693999999997
0.036410000000000005,0.12718254
0.03642,0.12727904
0.036430000000000004,0.12869348
0.03644,0.12864772
0.03645,0.12825226
0.036460000000000006,0.12808146
0.03647,0.12614692
0.036480000000000005,0.12605092
0.03649,0.12415343999999999
0.036500000000000005,0.1240788
0.03651,0.12237746000000001
0.036520000000000004,0.12232374000000001
0.03653,0.12082746
0.03654,0.12074599999999999
0.036550000000000006,0.1195724
0.03656,0.11948774
0.036570000000000005,0.11915642
0.03658,0.11921293999999998
0.036590000000000004,0.12013813999999998
0.0366,0.12030759999999999
0.036610000000000004,0.12205146
0.03662,0.1221336
0.03663,0.12408466
0.036640000000000006,0.12422185999999999
0.03665,0.12616797999999999
0.036660000000000005,0.12626199999999999
0.03667,0.12806814
0.036680000000000004,0.12823612
0.03669,0.12865182000000003
0.0367,0.12861614000000002
0.03671,0.12729694
0.03672,0.12711799999999998
0.036730000000000006,0.12511254
0.03674,0.12502092
0.036750000000000005,0.12324278
0.03676,0.12314736
0.036770000000000004,0.12158105999999999
0.03678,0.12149837999999999
0.03679,0.12012358000000001
0.036800000000000006,0.12006226
0.03681,0.11918746
0.036820000000000006,0.11913694
0.03683,0.11952372
0.036840000000000005,0.11958785999999999
0.03685,0.121102
0.036860000000000004,0.12118678000000001
0.03687,0.12304666
0.03688,0.12316173999999999
0.036890000000000006,0.12514054
0.0369,0.12523746
0.036910000000000005,0.12717412
0.03692,0.12727345999999998
0.036930000000000004,0.12867731999999998
0.03694,0.1286656
0.036950000000000004,0.12824201999999998
0.03696,0.12805868
0.03697,0.12613744
0.036980000000000006,0.1260409
0.03699,0.12413174
0.037000000000000005,0.1240308
0.03701,0.12237334
0.037020000000000004,0.12228028000000002
0.03703,0.12081802000000001
0.037040000000000003,0.12074064
0.03705,0.11956506
0.03706,0.11947934
0.037070000000000006,0.11914868
0.03708,0.11913894
0.037090000000000005,0.12021562
0.0371,0.12027360000000001
0.037110000000000004,0.12203534
0.03712,0.12213638
0.03713,0.12409534
0.037140000000000006,0.12419292
0.03715,0.12615917999999998
0.037160000000000006,0.12625921999999998
0.03717,0.1280505
0.037180000000000005,0.12822998000000002
0.03719,0.12864546000000002
0.037200000000000004,0.12861638
0.03721,0.12727919999999998
0.03722,0.12709146
0.037230000000000006,0.1251016
0.03724,0.12501411999999998
0.037250000000000005,0.12321908000000001
0.03726,0.12314280000000002
0.037270000000000005,0.12156186000000002
0.03728,0.12147828000000001
0.037290000000000004,0.12010505999999999
0.0373,0.1200587
0.03731,0.11917839999999999
0.037320000000000006,0.11913480000000001
0.03733,0.11953374000000001
0.037340000000000005,0.11956225999999999
0.03735,0.12110172000000001
0.037360000000000004,0.12118374000000001
0.03737,0.12304722000000001
0.037380000000000004,0.12316546000000002
0.03739,0.12515626
0.0374,0.12524612
0.037410000000000006,0.12717254
0.03742,0.12726638
0.037430000000000005,0.12870334
0.03744,0.12865426
0.037450000000000004,0.1282524
0.03746,0.12806922
0.03747,0.12613108
0.037480000000000006,0.1260444
0.03749,0.12414308
0.037500000000000006,0.1240488
0.03751,0.12235853999999999
0.037520000000000005,0.12228292
0.03753,0.12081146000000001
0.037540000000000004,0.12073895999999999
0.03755,0.11955986
0.03756,0.1194728
0.037570000000000006,0.11915386000000001
0.03758,0.11913733999999998
0.037590000000000005,0.12023120000000001
0.0376,0.12029251999999999
0.037610000000000005,0.12204068000000001
0.03762,0.1221536
0.037630000000000004,0.12411491999999999
0.03764,0.1242032
0.03765,0.12616316
0.037660000000000006,0.12627159999999998
0.03767,0.12804134
0.037680000000000005,0.12822627999999997
0.03769,0.12863772
0.037700000000000004,0.12861746
0.03771,0.127262
0.037720000000000004,0.12707761999999997
0.03773,0.12508892
0.03774,0.12499922
0.037750000000000006,0.1232176
0.03776,0.12311973999999999
0.037770000000000005,0.12154664
0.03778,0.12147334000000001
0.037790000000000004,0.12010694
0.0378,0.12001988
0.03781,0.11920374
0.037820000000000006,0.11912799999999998
0.03783,0.11951
0.037840000000000006,0.11956294
0.03785,0.12109306
0.037860000000000005,0.12115784
0.03787,0.12304865999999999
0.037880000000000004,0.12314879999999999
0.03789,0.12510719999999997
0.0379,0.12520959999999998
0.037910000000000006,0.12715172
0.03792,0.12731946
0.037930000000000005,0.12856971999999997
0.03794,0.12863478
0.037950000000000005,0.12821974
0.03796,0.12803238
0.037970000000000004,0.126104
0.03798,0.12598144000000003
0.03799,0.12409531999999998
0.038000000000000006,0.12401748000000001
0.03801,0.12234532000000001
0.038020000000000005,0.12226626
0.03803,0.12077628
0.038040000000000004,0.12069976
0.03805,0.11951748000000002
0.038060000000000004,0.11944612000000002
0.03807,0.11912145999999998
0.03808,0.11912092
0.038090000000000006,0.1201776
0.0381,0.12028228
0.038110000000000005,0.12202614
0.03812,0.12212692
0.038130000000000004,0.12406054
0.03814,0.12417734
0.03815,0.12614068
0.038160000000000006,0.12623866
0.03817,0.12804252
0.038180000000000006,0.12818851999999997
0.03819,0.12862558
0.038200000000000005,0.12857638
0.03821,0.12722850000000002
0.038220000000000004,0.12706318
0.03823,0.1250724
0.03824,0.12497774000000002
0.038250000000000006,0.12320558000000001
0.03826,0.12309508
0.038270000000000005,0.12153558
0.03828,0.12144812
0.038290000000000005,0.12009974000000001
0.0383,0.1200288
0.038310000000000004,0.11916065999999999
0.03832,0.11911774
0.03833,0.11949640000000002
0.038340000000000006,0.11956454000000001
0.03835,0.12106505999999999
0.038360000000000005,0.12116454000000002
0.03837,0.12303506
0.038380000000000004,0.12314096000000001
0.03839,0.12510774
0.038400000000000004,0.12522042
0.03841,0.12713666
0.03842,0.12731721999999998
0.038430000000000006,0.12856828
0.03844,0.12860465999999998
0.038450000000000005,0.12819934
0.03846,0.12802439999999998
0.038470000000000004,0.12610054
0.03848,0.12599118
0.03849,0.1240928
0.038500000000000006,0.12400691999999999
0.03851,0.12233558
0.038520000000000006,0.12223717999999999
0.03853,0.12078960000000001
0.038540000000000005,0.120704
0.03855,0.11952188
0.038560000000000004,0.11945774
0.03857,0.11912892
0.03858,0.11911572
0.038590000000000006,0.12018454
0.0386,0.12027267999999999
0.038610000000000005,0.1220148
0.03862,0.12212094
0.038630000000000005,0.12405318000000001
0.03864,0.12416239999999998
0.038650000000000004,0.12612666
0.03866,0.12622374
0.03867,0.1280148
0.038680000000000006,0.12817585999999997
0.03869,0.12860586000000002
0.038700000000000005,0.12856452000000002
0.03871,0.1272212
0.038720000000000004,0.12704692
0.03873,0.12505682
0.038740000000000004,0.12496747999999999
0.03875,0.12318788
0.03876,0.12309840000000001
0.038770000000000006,0.12152386
0.03878,0.12143268
0.038790000000000005,0.12009546
0.0388,0.11998548
0.038810000000000004,0.11917986
0.03882,0.11910667999999999
0.03883,0.11949293999999999
0.038840000000000006,0.11954776
0.03885,0.12105426
0.038860000000000006,0.12114678000000001
0.03887,0.12302734
0.038880000000000005,0.12313506
0.03889,0.12509746
0.038900000000000004,0.12522162
0.03891,0.127122
0.03892,0.12731064
0.038930000000000006,0.12857
0.03894,0.12860612000000002
0.038950000000000005,0.12818012
0.03896,0.12802703999999998
0.038970000000000005,0.12608424000000001
0.03898,0.12598238
0.038990000000000004,0.12409602
0.039,0.12400906
0.03901,0.12233039999999999
0.039020000000000006,0.12225480000000002
0.03903,0.12079345999999999
0.039040000000000005,0.12072348
0.03905,0.11953108000000001
0.039060000000000004,0.11945294
0.03907,0.11912562
0.039080000000000004,0.11911198
0.03909,0.12019988000000001
0.0391,0.12028430000000001
0.039110000000000006,0.12202041999999999
0.03912,0.12211748
0.039130000000000005,0.12407586
0.03914,0.12418814
0.039150000000000004,0.12615959999999998
0.03916,0.12624852
0.03917,0.12805492000000002
0.039180000000000006,0.12822028000000002
0.03919,0.12862692000000003
0.039200000000000006,0.12860186
0.03921,0.12726317999999998
0.039220000000000005,0.12709214
0.03923,0.12511025999999997
0.039240000000000004,0.12499092
0.03925,0.1232148
0.03926,0.12312508
0.039270000000000006,0.12155479999999999
0.03928,0.12146280000000001
0.039290000000000005,0.12011348
0.0393,0.12003294
0.039310000000000005,0.11917508000000002
0.03932,0.11913119999999999
0.039330000000000004,0.1195352
0.03934,0.11956774
0.03935,0.12108242
0.039360000000000006,0.12116414
0.03937,0.12304680000000001
0.039380000000000005,0.12316266000000001
0.03939,0.12512826000000002
0.039400000000000004,0.12521664000000002
0.03941,0.12714082000000002
0.039420000000000004,0.12734267999999999
0.03943,0.1285952
0.03944,0.12863132
0.039450000000000006,0.12822492000000002
0.03946,0.12804213999999997
0.039470000000000005,0.12611374
0.03948,0.12601597999999997
0.039490000000000004,0.12412614
0.0395,0.1240324
0.03951,0.12235202
0.039520000000000007,0.12227185999999998
0.03953,0.12081652000000001
0.039540000000000006,0.12072785999999999
0.03955,0.11953505999999998
0.039560000000000005,0.11946908
0.03957,0.119144
0.039580000000000004,0.1191264
0.03959,0.12019774000000001
0.0396,0.12028520000000001
0.039610000000000006,0.12203093999999999
0.03962,0.12213802
0.039630000000000006,0.12408051999999999
0.03964,0.12419026
0.039650000000000005,0.12613506
0.03966,0.12625186
0.039670000000000004,0.12802772
0.03968,0.12818856
0.03969,0.12861864
0.039700000000000006,0.128578
0.03971,0.127272
0.039720000000000005,0.12705508000000001
0.03973,0.12507574000000002
0.039740000000000004,0.12497997999999999
0.03975,0.1232248
0.039760000000000004,0.12312479999999999
0.03977,0.12154106
0.03978,0.12147748
0.039790000000000006,0.12009958000000001
0.0398,0.12003320000000002
0.039810000000000005,0.11917694000000001
0.03982,0.11913731999999999
0.039830000000000004,0.11951266
0.03984,0.11957118000000003
0.039850000000000003,0.12104202
0.03986000000000001,0.12115908000000002
0.03987,0.12304254
0.039880000000000006,0.12313758000000001
0.03989,0.12513282
0.039900000000000005,0.12521786
0.03991,0.12714186
0.039920000000000004,0.12732492
0.03993,0.12860106
0.03994,0.12862
0.039950000000000006,0.12823402
0.03996,0.12804826
0.039970000000000006,0.12611158
0.03998,0.12601612
0.039990000000000005,0.12412706
0.04,0.12360120000000001
0.040010000000000004,0.12194587999999999
0.04002,0.12185865999999998
0.04003,0.1204072
0.040040000000000006,0.12031238000000002
0.04005,0.11921573999999999
0.040060000000000005,0.11917654
0.04007,0.11891708000000001
0.040080000000000005,0.11891918000000001
0.04009,0.1200912
0.040100000000000004,0.12016213999999999
0.04011,0.12193894000000001
0.04012,0.12203774
0.040130000000000006,0.12397665999999999
0.04014,0.1241028
0.040150000000000005,0.12603161999999998
0.04016,0.12612828
0.040170000000000004,0.12785268
0.04018,0.1279213
0.040190000000000003,0.12816292
0.04020000000000001,0.12812373999999999
0.04021,0.12682014000000003
0.040220000000000006,0.12660226000000002
0.04023,0.12463651999999999
0.040240000000000005,0.12453296
0.04025,0.12276748
0.040260000000000004,0.12267468
0.04027,0.12113106
0.04028,0.12104906
0.040290000000000006,0.11971304
0.0403,0.11962892
0.040310000000000006,0.11892094
0.04032,0.1188764
0.040330000000000005,0.11934012000000001
0.04034,0.11940999999999999
0.040350000000000004,0.12097294
0.04036,0.12106159999999999
0.04037,0.12294882
0.040380000000000006,0.12303734
0.04039,0.12501346
0.040400000000000005,0.12509478
0.04041,0.12701522
0.040420000000000005,0.12718678
0.04043,0.12822692
0.040440000000000004,0.1281892
0.04045,0.12775254
0.04046,0.1275768
0.040470000000000006,0.12563252
0.04048,0.12553108
0.040490000000000005,0.12365494000000002
0.0405,0.12356732
0.040510000000000004,0.12192546000000001
0.04052,0.12183865999999999
0.040530000000000004,0.12036971999999999
0.04054000000000001,0.12029972
0.04055,0.1192024
0.040560000000000006,0.11915173999999999
0.04057,0.11890654
0.040580000000000005,0.11890014
0.04059,0.12005412
0.040600000000000004,0.12015477999999999
0.04061,0.1219301
0.04062,0.12201146
0.040630000000000006,0.12395654
0.04064,0.12404879999999999
0.040650000000000006,0.12600412
0.04066,0.12610307999999998
0.040670000000000005,0.12781988000000002
0.04068,0.12788348
0.040690000000000004,0.12811546000000001
0.0407,0.12811212
0.04071,0.12677998000000001
0.040720000000000006,0.12657812
0.04073,0.12461478
0.040740000000000005,0.12452305999999999
0.04075,0.12275482000000001
0.040760000000000005,0.12267958000000001
0.04077,0.12113028
0.040780000000000004,0.12104347999999998
0.04079,0.1197028
0.0408,0.11961278
0.040810000000000006,0.11890602000000002
0.04082,0.11886522
0.040830000000000005,0.11931001999999999
0.04084,0.11939039999999998
0.040850000000000004,0.12094131999999999
0.04086,0.12103534
0.040870000000000004,0.12293148000000001
0.04088000000000001,0.12302346
0.04089,0.12499842000000001
0.040900000000000006,0.12507506
0.04091,0.12697998
0.040920000000000005,0.12716882
0.04093,0.12821172
0.040940000000000004,0.12817479999999998
0.04095,0.12773958000000002
0.04096,0.12754932000000002
0.040970000000000006,0.12563238000000002
0.04098,0.12553494
0.040990000000000006,0.12366985999999999
0.041,0.12356438
0.041010000000000005,0.12190384000000001
0.04102,0.12183320000000002
0.041030000000000004,0.12037972
0.04104,0.12030628000000002
0.04105,0.11919307999999999
0.041060000000000006,0.11916268
0.04107,0.1189036
0.041080000000000005,0.11889306
0.04109,0.12004732
0.041100000000000005,0.12013266
0.04111,0.12191837999999999
0.041120000000000004,0.12200972000000002
0.04113000000000001,0.12396882000000001
0.04114,0.12406466000000001
0.041150000000000006,0.1260128
0.04116,0.126124
0.041170000000000005,0.12784974
0.04118,0.12788306
0.041190000000000004,0.12814054000000002
0.0412,0.12812840000000003
0.041210000000000004,0.12681263999999998
0.04122000000000001,0.12660948
0.04123,0.12462334000000001
0.041240000000000006,0.12452002
0.04125,0.12275398
0.041260000000000005,0.12266972000000001
0.04127,0.12112693999999999
0.041280000000000004,0.12105827999999999
0.04129,0.1197075
0.0413,0.11962597999999999
0.041310000000000006,0.11891292
0.04132,0.11887292
0.041330000000000006,0.1193196
0.04134,0.11939345999999999
0.041350000000000005,0.12095587999999999
0.04136,0.12104946000000001
0.041370000000000004,0.12294468
0.04138,0.12304600000000002
0.04139,0.12501305999999998
0.041400000000000006,0.12509506
0.04141,0.12702348
0.041420000000000005,0.12718411999999998
0.04143,0.1282284
0.041440000000000005,0.1281852
0.04145,0.12777706000000003
0.041460000000000004,0.12757826
0.04147000000000001,0.1256596
0.04148,0.12554894
0.041490000000000006,0.12368105999999998
0.0415,0.12359548000000001
0.041510000000000005,0.12194173999999999
0.04152,0.12183814
0.041530000000000004,0.12039014
0.04154,0.12032158
0.041550000000000004,0.11920546000000001
0.04156000000000001,0.11917814
0.04157,0.11891627999999999
0.041580000000000006,0.11892385999999999
0.04159,0.12007334
0.041600000000000005,0.1201612
0.04161,0.12192437999999998
0.041620000000000004,0.12202920000000002
0.04163,0.12397904
0.04164,0.12406602
0.041650000000000006,0.12603493999999998
0.04166,0.126124
0.041670000000000006,0.12784104000000002
0.04168,0.1279112
0.041690000000000005,0.12817202
0.0417,0.12814824
0.041710000000000004,0.12682105999999999
0.04172,0.12662134
0.04173,0.12465492
0.041740000000000006,0.12454718000000001
0.04175,0.12278452
0.041760000000000005,0.122712
0.04177,0.1211592
0.041780000000000005,0.12108000000000001
0.04179,0.11972454000000002
0.041800000000000004,0.11965239999999999
0.04181000000000001,0.11893240000000001
0.04182,0.1188884
0.041830000000000006,0.11934038
0.04184,0.11940868
0.041850000000000005,0.12097506
0.04186,0.12106454
0.041870000000000004,0.12296188
0.04188,0.12305733999999999
0.041890000000000004,0.12500868
0.04190000000000001,0.12514
0.04191,0.12702828
0.041920000000000006,0.1272104
0.04193,0.12825557999999998
0.041940000000000005,0.12822788
0.04195,0.1277968
0.041960000000000004,0.12762173999999998
0.04197,0.12570826
0.04198,0.12559132
0.041990000000000006,0.12372466
0.042,0.12362374000000001
0.042010000000000006,0.12194305999999999
0.04202,0.12188146
0.042030000000000005,0.12042614
0.04204,0.12035892
0.042050000000000004,0.11923840000000001
0.04206,0.11921040000000001
0.04207,0.1189384
0.042080000000000006,0.11894228
0.04209,0.12010492000000002
0.042100000000000005,0.12017024000000001
0.04211,0.12194880000000001
0.042120000000000005,0.12204654000000001
0.04213,0.12400145999999998
0.042140000000000004,0.12409600000000001
0.04215000000000001,0.12605423999999998
0.04216,0.12614748
0.042170000000000006,0.12788812
0.04218,0.12795131999999998
0.042190000000000005,0.12820602
0.0422,0.12818439999999998
0.042210000000000004,0.1268708
0.04222,0.1266632
0.042230000000000004,0.12468492
0.04224000000000001,0.12459346
0.04225,0.12284237999999999
0.042260000000000006,0.12275719999999998
0.04227,0.121202
0.042280000000000005,0.12112386
0.04229,0.11977412000000001
0.042300000000000004,0.11968348
0.04231,0.11896093999999999
0.04232,0.11891428
0.042330000000000007,0.1193732
0.04234,0.11943588000000001
0.042350000000000006,0.12099185999999999
0.04236,0.1210936
0.042370000000000005,0.12297359999999999
0.04238,0.12307785999999998
0.042390000000000004,0.12504664
0.0424,0.12515106
0.04241,0.12708026
0.042420000000000006,0.12726452
0.04243,0.12828866
0.042440000000000005,0.12826118
0.04245,0.12782892
0.042460000000000005,0.12766
0.04247,0.12570866
0.042480000000000004,0.12562054
0.04249000000000001,0.12375962
0.0425,0.12366865999999999
0.042510000000000006,0.12199466
0.04252,0.12190746
0.042530000000000005,0.12045999999999998
0.04254,0.12038414
0.042550000000000004,0.11926
0.04256,0.1192288
0.042570000000000004,0.11895903999999999
0.04258000000000001,0.11895185999999999
0.04259,0.12012719999999999
0.042600000000000006,0.1202076
0.04261,0.12197588
0.042620000000000005,0.12208574000000001
0.04263,0.12403388
0.042640000000000004,0.12412598
0.04265,0.12608572
0.042660000000000003,0.1261984
0.04267000000000001,0.12792705999999998
0.04268,0.12799242
0.042690000000000006,0.12824600000000003
0.0427,0.12822666
0.042710000000000005,0.12692426
0.04272,0.12670826
0.042730000000000004,0.12473213999999999
0.04274,0.12463731999999998
0.04275,0.12285628
0.042760000000000006,0.12277332
0.04277,0.12121666
0.042780000000000006,0.121142
0.04279,0.11979611999999999
0.042800000000000005,0.11971094
0.04281,0.11897426000000003
0.042820000000000004,0.11892240000000001
0.04283000000000001,0.11939492
0.04284,0.11944828
0.042850000000000006,0.12101853999999998
0.04286,0.12111374
0.042870000000000005,0.12301988000000001
0.04288,0.12312319999999999
0.042890000000000005,0.12508197999999998
0.0429,0.12517398
0.042910000000000004,0.1271048
0.04292000000000001,0.12728
0.04293,0.12833637999999997
0.042940000000000006,0.12830051999999997
0.04295,0.12788130000000003
0.042960000000000005,0.12770465999999997
0.04297,0.12576654
0.042980000000000004,0.12566494
0.04299,0.12379678000000001
0.043000000000000003,0.12370320000000001
0.04301000000000001,0.12202826
0.04302,0.12194922
0.043030000000000006,0.12048889999999998
0.04304,0.12041854
0.043050000000000005,0.11929374000000001
0.04306,0.11926292000000001
0.043070000000000004,0.11899094000000002
0.04308,0.11897386000000001
0.04309,0.12012746
0.043100000000000006,0.12022358
0.04311,0.12200426
0.043120000000000006,0.12210172
0.04313,0.12406496
0.043140000000000005,0.12417521999999999
0.04315,0.12612452
0.043160000000000004,0.12622371999999998
0.04317000000000001,0.12797799999999998
0.04318,0.12803132
0.043190000000000006,0.1283008
0.0432,0.1282724
0.043210000000000005,0.12695948
0.04322,0.12674654
0.043230000000000005,0.12477772000000001
0.04324,0.12467614
0.043250000000000004,0.12291985999999999
0.04326000000000001,0.12282200000000001
0.04327,0.12127468
0.043280000000000006,0.121192
0.04329,0.11984666000000002
0.043300000000000005,0.11975494
0.04331,0.11901919999999999
0.043320000000000004,0.11897666
0.04333,0.11942051999999999
0.043340000000000004,0.11949988
0.04335000000000001,0.12105322
0.04336,0.12115838000000001
0.043370000000000006,0.12305586000000002
0.04338,0.12316333999999998
0.043390000000000005,0.12512306
0.0434,0.1252444
0.043410000000000004,0.12715532
0.04342,0.12732226
0.04343,0.12838626
0.043440000000000006,0.12835776000000002
0.04345,0.1279348
0.043460000000000006,0.12774449999999998
0.04347,0.12582317999999998
0.043480000000000005,0.12570828
0.04349,0.12384666000000003
0.043500000000000004,0.12373586
0.04351000000000001,0.1220764
0.04352,0.12200042
0.043530000000000006,0.1205436
0.04354,0.12046066
0.043550000000000005,0.11932562
0.04356,0.11929638000000001
0.043570000000000005,0.11901012
0.04358,0.11899666
0.043590000000000004,0.12017814
0.04360000000000001,0.12026162
0.04361,0.12203
0.043620000000000006,0.122142
0.04363,0.12409691999999999
0.043640000000000005,0.12419798000000001
0.04365,0.126164
0.043660000000000004,0.12628398000000002
0.04367,0.1280084
0.043680000000000004,0.12806572
0.04369000000000001,0.12832878
0.0437,0.12831317999999997
0.043710000000000006,0.12700812
0.04372,0.12679348
0.043730000000000005,0.12482705999999999
0.04374,0.12471935999999999
0.043750000000000004,0.12294998000000001
0.04376,0.12286428
0.04377,0.12129425999999999
0.043780000000000006,0.1212228
0.04379,0.119868
0.043800000000000006,0.11978453999999998
0.04381,0.11904172000000002
0.043820000000000005,0.11897962
0.04383,0.119448
0.043840000000000004,0.11952065999999999
0.04385000000000001,0.12106829999999999
0.04386,0.12116626
0.043870000000000006,0.12307108
0.04388,0.12318254
0.043890000000000005,0.12516186
0.0439,0.12525602
0.043910000000000005,0.12719212
0.04392,0.1273764
0.043930000000000004,0.12842548
0.04394000000000001,0.12839866000000003
0.04395,0.12797598
0.043960000000000006,0.12780896
0.04397,0.12585812000000002
0.043980000000000005,0.1257868
0.04399,0.12388318000000001
0.044000000000000004,0.12378454000000001
0.04401,0.12210974000000001
0.044020000000000004,0.12202666
0.04403000000000001,0.12056224000000001
0.04404,0.12049494000000001
0.044050000000000006,0.11936932
0.04406,0.11932972
0.044070000000000005,0.11905492
0.04408,0.11903280000000001
0.044090000000000004,0.12020932
0.0441,0.12030453999999999
0.04411,0.12206892
0.044120000000000006,0.1221636
0.04413,0.12415119999999999
0.044140000000000006,0.12425374
0.04415,0.12622438
0.044160000000000005,0.12629626
0.04417,0.12805108
0.044180000000000004,0.12812331999999998
0.04419000000000001,0.12837986
0.0442,0.12837011999999998
0.044210000000000006,0.12704652
0.04422,0.12682346
0.044230000000000005,0.12486172
0.04424,0.12476678
0.044250000000000005,0.12297264000000001
0.04426,0.12292
0.044270000000000004,0.12133411999999999
0.04428000000000001,0.12125014
0.04429,0.11990242
0.044300000000000006,0.1198016
0.04431,0.11906934
0.044320000000000005,0.11903358
0.04433,0.11947761999999999
0.044340000000000004,0.11955560000000001
0.04435,0.12112572000000002
0.044360000000000004,0.12120679999999999
0.04437000000000001,0.12310574
0.04438,0.12322731999999999
0.044390000000000006,0.12518452000000002
0.0444,0.12528494
0.044410000000000005,0.12722986
0.04442,0.12739759999999997
0.044430000000000004,0.12844171999999998
0.04444,0.12843158000000002
0.04445,0.12800654
0.044460000000000006,0.12781266000000002
0.04447,0.12588198
0.044480000000000006,0.12577118
0.04449,0.12388732
0.044500000000000005,0.12380680000000002
0.04451,0.12212134
0.044520000000000004,0.12203774
0.04453000000000001,0.12056828
0.04454,0.1205028
0.044550000000000006,0.11936427999999999
0.04456,0.1193208
0.044570000000000005,0.11904866
0.04458,0.11903559999999999
0.044590000000000005,0.12020892000000001
0.0446,0.12029171999999999
0.044610000000000004,0.12206334
0.04462000000000001,0.12218040000000001
0.04463,0.12413692000000001
0.044640000000000006,0.12425159999999999
0.04465,0.12621534
0.044660000000000005,0.12630838000000003
0.04467,0.12805786
0.044680000000000004,0.12809986
0.04469,0.1283752
0.044700000000000004,0.1283532
0.04471000000000001,0.12705042
0.04472,0.12682012
0.044730000000000006,0.1248464
0.04474,0.12474677999999999
0.044750000000000005,0.12295654
0.04476,0.12288706
0.044770000000000004,0.12130585999999999
0.04478,0.12123346000000002
0.04479,0.11987304000000001
0.044800000000000006,0.119794
0.04481,0.11905614
0.044820000000000006,0.11898679999999999
0.04483,0.1194736
0.044840000000000005,0.11952199999999999
0.04485,0.1210852
0.044860000000000004,0.12119653999999999
0.04487000000000001,0.12311494
0.04488,0.12320145999999998
0.044890000000000006,0.12517706
0.0449,0.12528852000000001
0.044910000000000005,0.12720628
0.04492,0.1273752
0.044930000000000005,0.12844028000000002
0.04494,0.12840362
0.044950000000000004,0.12798466000000003
0.04496000000000001,0.1278032
0.04497,0.12586412
0.044980000000000006,0.12575651999999998
0.04499,0.12387291999999998
0.045000000000000005,0.12377466
0.04501,0.12209602
0.045020000000000004,0.12202706
0.04503,0.12054174
0.045040000000000004,0.12048348
0.04505000000000001,0.11935014
0.04506,0.11931052000000002
0.045070000000000006,0.11903067999999999
0.04508,0.11901893999999999
0.045090000000000005,0.1201892
0.0451,0.12028802000000001
0.045110000000000004,0.12205468000000001
0.04512,0.12217186
0.04513,0.12414734000000001
0.045140000000000007,0.12424522
0.04515,0.12619091999999998
0.045160000000000006,0.12630532
0.04517,0.12804278
0.045180000000000005,0.12810428
0.04519,0.12836016
0.045200000000000004,0.12833425999999998
0.04521000000000001,0.12699224
0.04522,0.12679482000000003
0.045230000000000006,0.12481225999999998
0.04524,0.12472413999999998
0.045250000000000005,0.12293585999999998
0.04526,0.12285842
0.045270000000000005,0.121286
0.04528,0.12121346
0.045290000000000004,0.11984026
0.04530000000000001,0.11975868
0.04531,0.11904719999999999
0.045320000000000006,0.11898012
0.04533,0.11943867999999999
0.045340000000000005,0.11950614000000001
0.04535,0.12107159999999999
0.045360000000000004,0.121174
0.04537,0.1230756
0.045380000000000004,0.12317971999999999
0.04539000000000001,0.12516374
0.0454,0.1252552
0.045410000000000006,0.12716719999999998
0.04542,0.12735734
0.045430000000000005,0.12839678000000002
0.04544,0.12837038
0.045450000000000004,0.12792798
0.04546,0.12774691999999999
0.045470000000000003,0.12580932
0.04548000000000001,0.12571132000000002
0.04549,0.12382174000000001
0.045500000000000006,0.12373428
0.04551,0.12205585999999999
0.045520000000000005,0.12197798
0.04553,0.12050228
0.045540000000000004,0.12043960000000001
0.04555000000000001,0.11931585999999998
0.04556,0.11928133999999999
0.045570000000000006,0.11899918000000001
0.04558,0.11899812000000001
0.045590000000000006,0.12017239999999998
0.0456,0.12024984000000001
0.045610000000000005,0.12205694
0.04562,0.12213840000000001
0.045630000000000004,0.1241168
0.04564000000000001,0.12421531999999999
0.04565,0.12616548
0.045660000000000006,0.12627666
0.04567,0.1280084
0.045680000000000005,0.12807118
0.04569,0.12831426
0.045700000000000005,0.12830028
0.04571,0.12698373999999998
0.045720000000000004,0.12676974
0.04573000000000001,0.12478212
0.04574,0.12468402
0.045750000000000006,0.12291440000000001
0.04576,0.1228137
0.045770000000000005,0.12124799999999998
0.04578,0.12119002000000001
0.045790000000000004,0.1198252
0.0458,0.11973757999999998
0.045810000000000003,0.11901893999999999
0.04582000000000001,0.1189616
0.04583,0.11944574000000001
0.045840000000000006,0.11948813999999999
0.04585,0.12105505999999999
0.045860000000000005,0.12114266
0.04587,0.12304040000000001
0.045880000000000004,0.12315224
0.04589000000000001,0.12511812
0.0459,0.1252224
0.045910000000000006,0.1271544
0.04592,0.12731692
0.045930000000000006,0.12836920000000002
0.04594,0.12833612
0.045950000000000005,0.1279052
0.04596,0.12771865999999998
0.045970000000000004,0.12577678
0.04598000000000001,0.12567773999999998
0.04599,0.12379522000000001
0.046000000000000006,0.12370402
0.04601,0.12204386
0.046020000000000005,0.12195682
0.04603,0.12049197999999998
0.046040000000000005,0.120414
0.04605,0.11928094
0.046060000000000004,0.11926546
0.04607000000000001,0.11899093999999999
0.04608,0.11899654
0.046090000000000006,0.12014788000000001
0.0461,0.1202292
0.046110000000000005,0.12203040000000001
0.04612,0.12211546
0.046130000000000004,0.12406519999999999
0.04614,0.12417748000000002
0.046150000000000004,0.12612932000000002
0.04616000000000001,0.12622654
0.04617,0.12794091999999999
0.046180000000000006,0.12800932
0.04619,0.12827358
0.046200000000000005,0.12823811999999998
0.04621,0.12690626
0.046220000000000004,0.12672412
0.04623000000000001,0.12474428
0.04624,0.12464110000000002
0.046250000000000006,0.12286707999999999
0.04626,0.12278026
0.046270000000000006,0.12121814
0.04628,0.12113466000000002
0.046290000000000005,0.11979998
0.0463,0.11971306
0.046310000000000004,0.11898948000000001
0.04632000000000001,0.11895224
0.04633,0.11941041999999999
0.046340000000000006,0.11947892
0.04635,0.12103531999999999
0.046360000000000005,0.12113574
0.04637,0.12304066
0.046380000000000005,0.12313748
0.04639,0.12510372
0.046400000000000004,0.12520157999999998
0.04641000000000001,0.12713491999999998
0.04642,0.12729774
0.046430000000000006,0.12834759999999998
0.04644,0.12829852
0.046450000000000005,0.127874
0.04646,0.12770253999999998
0.046470000000000004,0.12575706
0.04648,0.12565522
0.046490000000000004,0.12379294
0.04650000000000001,0.12368614
0.04651,0.12201334
0.046520000000000006,0.12194026
0.04653,0.1204916
0.046540000000000005,0.12039934000000001
0.04655,0.1192944
0.046560000000000004,0.11925068000000001
0.04657000000000001,0.11897877999999999
0.04658,0.11897692
0.046590000000000006,0.12015734
0.0466,0.12024546
0.046610000000000006,0.12200962
0.04662,0.12212174
0.046630000000000005,0.12405294
0.04664,0.12417212
0.046650000000000004,0.12611294
0.04666000000000001,0.1262192
0.04667,0.12795946
0.046680000000000006,0.1279901
0.04669,0.12824680000000002
0.046700000000000005,0.12821211999999998
0.04671,0.12689228
0.046720000000000005,0.12669732
0.04673,0.12470839999999998
0.046740000000000004,0.12460946000000002
0.04675000000000001,0.12285759999999998
0.04676,0.12275496000000001
0.046770000000000006,0.12119440000000001
0.04678,0.12113774
0.046790000000000005,0.11976679999999999
0.0468,0.11968518000000002
0.046810000000000004,0.11896562
0.04682,0.11893228
0.046830000000000004,0.11940241999999998
0.04684000000000001,0.11946757999999999
0.04685,0.12102869999999999
0.046860000000000006,0.12112534000000001
0.04687,0.12300612
0.046880000000000005,0.12310588
0.04689,0.12506134000000002
0.046900000000000004,0.12517466
0.04691000000000001,0.12706494000000002
0.04692,0.12724934
0.046930000000000006,0.12829572000000003
0.04694,0.12826534
0.046950000000000006,0.12783038
0.04696,0.12763612
0.046970000000000005,0.12569504
0.04698,0.1256132
0.046990000000000004,0.12370851999999999
0.04700000000000001,0.12363092
0.04701,0.12195078
0.047020000000000006,0.12187946000000001
0.04703,0.12042040000000001
0.047040000000000005,0.12036414
0.04705,0.11926239999999999
0.047060000000000005,0.11920455999999999
0.04707,0.11894414
0.047080000000000004,0.118964
0.04709000000000001,0.12010678
0.0471,0.12018986000000001
0.047110000000000006,0.12198184000000001
0.04712,0.12207428000000001
0.047130000000000005,0.12402986
0.04714,0.12413599999999998
0.047150000000000004,0.12608402000000002
0.04716,0.12617482000000002
0.047170000000000004,0.12790439999999997
0.04718000000000001,0.12797065999999999
0.04719,0.12821586000000001
0.047200000000000006,0.12819598000000001
0.04721,0.12686226
0.047220000000000005,0.12666016
0.04723,0.12468362000000002
0.047240000000000004,0.12458334
0.04725000000000001,0.12282762
0.04726,0.12273332
0.047270000000000006,0.12118706000000001
0.04728,0.12109534000000002
0.047290000000000006,0.11973947999999998
0.0473,0.11965854000000001
0.047310000000000005,0.11895157999999999
0.04732,0.11891106
0.047330000000000004,0.11938185999999999
0.04734000000000001,0.11946068000000001
0.04735,0.1210232
0.047360000000000006,0.12111734
0.04737,0.12300277999999998
0.047380000000000005,0.1231068
0.04739,0.1250636
0.047400000000000005,0.1251668
0.04741,0.12709066
0.047420000000000004,0.12725930000000002
0.04743000000000001,0.1283088
0.04744,0.12827214000000003
0.047450000000000006,0.12782893999999997
0.04746,0.1276428
0.047470000000000005,0.12571797999999998
0.04748,0.12562282
0.047490000000000004,0.12372054000000002
0.0475,0.12363346
0.047510000000000004,0.12197868
0.04752000000000001,0.12189586
0.04753,0.12043881999999999
0.047540000000000006,0.12036693999999999
0.04755,0.1192448
0.047560000000000005,0.11920199999999999
0.04757,0.1189656
0.047580000000000004,0.11896148
0.04759000000000001,0.12013159999999998
0.0476,0.12021853999999998
0.047610000000000006,0.12198397999999999
0.04762,0.12208866
0.047630000000000006,0.12403078000000001
0.04764,0.12413414
0.047650000000000005,0.1260873
0.04766,0.1261796
0.047670000000000004,0.12789106
0.04768000000000001,0.12795426
0.04769,0.12818543999999998
0.047700000000000006,0.12815932000000002
0.04771,0.12683972
0.047720000000000005,0.12662652000000002
0.04773,0.12465733999999999
0.047740000000000005,0.1245572
0.04775,0.12279211999999999
0.047760000000000004,0.12270786
0.04777000000000001,0.12114452
0.04778,0.12107466
0.047790000000000006,0.11973959999999999
0.0478,0.11966014
0.047810000000000005,0.11893854
0.04782,0.11889494
0.047830000000000004,0.1193576
0.04784,0.11944214
0.047850000000000004,0.12100143999999999
0.04786000000000001,0.12108732
0.04787,0.12297598000000001
0.047880000000000006,0.12308559999999999
0.04789,0.12502694
0.047900000000000005,0.12513214
0.04791,0.12704186
0.047920000000000004,0.1272096
0.04793000000000001,0.12824291999999998
0.04794,0.12820334
0.047950000000000007,0.12776718000000004
0.04796,0.1275736
0.047970000000000006,0.12564398
0.04798,0.12555052
0.047990000000000005,0.123672
0.048,0.12360214
0.048010000000000004,0.12193612000000001
0.04802000000000001,0.12185251999999999
0.04803,0.12038624
0.048040000000000006,0.12031014
0.04805,0.11920000000000001
0.048060000000000005,0.11917492
0.04807,0.11892359999999999
0.048080000000000005,0.11891959999999999
0.04809,0.12008962000000001
0.048100000000000004,0.12017718
0.04811000000000001,0.12195787999999999
0.04812,0.12205708
0.048130000000000006,0.12400414
0.04814,0.12410877999999999
0.048150000000000005,0.12605974
0.04816,0.12615601999999998
0.048170000000000004,0.12787988
0.04818,0.12793704
0.048190000000000004,0.12818999999999997
0.04820000000000001,0.12814012000000002
0.04821,0.12683654
0.048220000000000006,0.12663332
0.04823,0.12464586
0.048240000000000005,0.12456052
0.04825,0.12279496000000001
0.048260000000000004,0.12270373999999999
0.04827000000000001,0.12114625999999999
0.04828,0.12107025999999999
0.048290000000000007,0.11971426
0.0483,0.11965562
0.048310000000000006,0.11894186
0.04832,0.11889162
0.048330000000000005,0.11936682000000001
0.04834,0.11943627999999999
0.048350000000000004,0.1210172
0.04836000000000001,0.12108974000000002
0.04837,0.12298722
0.048380000000000006,0.12309082
0.04839,0.12504346
0.048400000000000006,0.12515865999999998
0.04841,0.12707974
0.048420000000000005,0.12721628
0.04843,0.12825773999999998
0.048440000000000004,0.1282165
0.04845000000000001,0.12777103999999997
0.04846,0.12759492
0.048470000000000006,0.125668
0.04848,0.12556026
0.048490000000000005,0.12368547999999999
0.0485,0.12360376
0.048510000000000005,0.12193517999999999
0.04852,0.12184826
0.048530000000000004,0.12040120000000001
0.04854000000000001,0.12031896
0.04855,0.11922054
0.048560000000000006,0.1191716
0.04857,0.11893120000000001
0.048580000000000005,0.1189284
0.04859,0.12009906000000001
0.048600000000000004,0.12018306000000001
0.04861000000000001,0.12194774
0.048620000000000003,0.12207159999999999
0.04863000000000001,0.12399148
0.04864,0.12409706000000001
0.048650000000000006,0.12603466000000002
0.04866,0.12614654
0.048670000000000005,0.12786522
0.04868,0.12790534
0.048690000000000004,0.12814129999999999
0.04870000000000001,0.12811666000000002
0.04871,0.12678772
0.048720000000000006,0.12658532
0.04873,0.12462626000000002
0.048740000000000006,0.12450906000000002
0.04875,0.12275146
0.048760000000000005,0.1226812
0.04877,0.12111252000000002
0.048780000000000004,0.12103132000000001
0.04879000000000001,0.11971174
0.0488,0.11960534
0.048810000000000006,0.11890825999999999
0.04882,0.1188655
0.048830000000000005,0.11933468
0.04884,0.11941134
0.048850000000000005,0.12097013999999999
0.04886,0.12106251999999999
0.048870000000000004,0.12296720000000001
0.04888000000000001,0.12305694
0.04889,0.12502012
0.048900000000000006,0.125132
0.04891,0.12701002
0.048920000000000005,0.12720014
0.04893,0.12824
0.048940000000000004,0.12819678
0.04895000000000001,0.12774612000000002
0.048960000000000004,0.12755840000000002
0.04897000000000001,0.12564412
0.04898,0.12552668000000003
0.048990000000000006,0.1236628
0.049,0.12357610000000001
0.049010000000000005,0.12192227999999998
0.04902,0.1218448
0.049030000000000004,0.12037256
0.04904000000000001,0.12031454000000001
0.04905,0.1191996
0.049060000000000006,0.11916584000000001
0.04907,0.11890254
0.049080000000000006,0.11889932
0.04909,0.12008386
0.049100000000000005,0.12017052000000002
0.04911,0.12195772
0.049120000000000004,0.12204439999999998
0.04913000000000001,0.12400148
0.04914,0.12410948
0.049150000000000006,0.12605092
0.04916,0.12614348
0.049170000000000005,0.12787306
0.04918,0.12791932
0.049190000000000005,0.12817256
0.0492,0.12814611999999997
0.049210000000000004,0.12682692
0.04922000000000001,0.12661906000000003
0.04923,0.12465319999999999
0.049240000000000006,0.12454720000000001
0.04925,0.12279374000000001
0.049260000000000005,0.12269706
0.04927,0.12113494
0.049280000000000004,0.12107493999999999
0.04929000000000001,0.11973175999999999
0.049300000000000004,0.11962906
0.04931000000000001,0.11892306000000001
0.04932,0.11888281999999999
0.049330000000000006,0.11935678000000001
0.04934,0.11942132000000001
0.049350000000000005,0.12098572
0.04936,0.12106414000000001
0.049370000000000004,0.12297094
0.04938000000000001,0.12307134
0.04939,0.12502426
0.049400000000000006,0.12512784
0.04941,0.12703557999999998
0.049420000000000006,0.12721708
0.04943,0.12823816000000002
0.049440000000000005,0.1282021
0.04945,0.12776228
0.049460000000000004,0.12759505999999998
0.04947000000000001,0.12566654000000002
0.04948,0.12555748
0.049490000000000006,0.12366854000000001
0.0495,0.1235684
0.049510000000000005,0.12191743999999997
0.04952,0.12184052000000001
0.049530000000000005,0.12039426
0.04954,0.12032187999999999
0.049550000000000004,0.11920398000000001
0.04956000000000001,0.11918
0.04957,0.11890948000000001
0.049580000000000006,0.11892122000000001
0.04959,0.1200828
0.049600000000000005,0.12016494
0.04961,0.12193974
0.049620000000000004,0.12203254000000001
0.04963000000000001,0.12400908
0.049640000000000004,0.12409786
0.04965000000000001,0.12602386000000002
0.04966,0.12614586
0.049670000000000006,0.12785424
0.04968,0.12790546
0.049690000000000005,0.12815694
0.0497,0.12811668
0.049710000000000004,0.12682026
0.04972000000000001,0.12660374000000002
0.04973,0.12462854000000001
0.049740000000000006,0.12454400000000002
0.04975,0.12278132
0.049760000000000006,0.12269254
0.04977,0.12112612
0.049780000000000005,0.12105759999999999
0.04979,0.11969159999999998
0.049800000000000004,0.11961002000000001
0.04981000000000001,0.11891308
0.04982,0.118874
0.049830000000000006,0.11935267999999999
0.04984,0.11940574
0.049850000000000005,0.12097814
0.04986,0.12107067999999999
0.049870000000000005,0.12297306
0.04988,0.12307028
0.049890000000000004,0.12504254
0.04990000000000001,0.12515359999999998
0.04991,0.12705948
0.049920000000000006,0.12723627999999998
0.04993,0.12827826
0.049940000000000005,0.12822746
0.04995,0.12780052
0.049960000000000004,0.12763092
0.04997000000000001,0.125686
0.049980000000000004,0.12558078
0.04999000000000001,0.12371334
0.05,0.12353851999999999
0.050010000000000006,0.12189092000000001
0.05002,0.12182731999999999
0.050030000000000005,0.12036640000000001
0.05004,0.12028720000000001
0.050050000000000004,0.11920148
0.05006000000000001,0.11919066
0.05007,0.11898188000000001
0.050080000000000006,0.11896722
0.05009,0.1201368
0.050100000000000006,0.12022878
0.05011,0.12201292000000001
0.050120000000000005,0.12211092000000001
0.05013,0.12403868
0.050140000000000004,0.12415986000000001
0.05015000000000001,0.12609026
0.05016,0.12619532
0.050170000000000006,0.12786402000000002
0.05018,0.1278884
0.050190000000000005,0.12803972
0.0502,0.12802025999999997
0.050210000000000005,0.12675586
0.05022,0.12656386
0.050230000000000004,0.12462492
0.05024000000000001,0.12450877999999999
0.05025,0.12277148
0.050260000000000006,0.12267665999999999
0.05027,0.12112374
0.050280000000000005,0.12104226
0.05029,0.11970934
0.050300000000000004,0.119624
0.05031000000000001,0.1189956
0.050320000000000004,0.11893762000000001
0.05033000000000001,0.11943532000000001
0.05034,0.11950028000000001
0.050350000000000006,0.12106362
0.05036,0.12114401999999999
0.050370000000000005,0.12303889999999999
0.05038,0.1231352
0.050390000000000004,0.12510812
0.05040000000000001,0.12519454000000002
0.05041,0.12710628
0.050420000000000006,0.12733038
0.05043,0.1281105
0.050440000000000006,0.1281769
0.05045,0.12766746
0.050460000000000005,0.12751546
0.05047,0.12563987999999998
0.050480000000000004,0.12553692
0.05049000000000001,0.12366506
0.0505,0.12358052
0.050510000000000006,0.12193000000000001
0.05052,0.12184468
0.050530000000000005,0.1203932
0.05054,0.12031574
0.050550000000000005,0.11924973999999999
0.05056,0.11921294
0.050570000000000004,0.11902826
0.05058000000000001,0.11899959999999998
0.05059,0.12016958
0.050600000000000006,0.12026985999999999
0.05061,0.12204506
0.050620000000000005,0.12213198
0.05063,0.12408253999999999
0.050640000000000004,0.12418652
0.05065000000000001,0.12612772
0.050660000000000004,0.12623185999999997
0.05067000000000001,0.12789612
0.05068,0.12791987999999999
0.050690000000000006,0.12805972000000002
0.0507,0.1280492
0.050710000000000005,0.12677746
0.05072,0.12660094000000002
0.050730000000000004,0.12464346000000001
0.05074000000000001,0.12455294000000001
0.05075,0.1227992
0.050760000000000007,0.12272211999999998
0.05077,0.12116628
0.050780000000000006,0.12108344
0.05079,0.1197428
0.050800000000000005,0.11965294
0.05081,0.11903040000000001
0.050820000000000004,0.11895960000000001
0.05083000000000001,0.11945908000000001
0.05084,0.11951492000000001
0.050850000000000006,0.12108574000000001
0.05086,0.12118465999999999
0.050870000000000005,0.1230668
0.05088,0.12317068
0.050890000000000005,0.12514412
0.0509,0.12524388
0.050910000000000004,0.12714866
0.05092000000000001,0.12737691999999998
0.05093,0.12817198000000002
0.050940000000000006,0.128234
0.05095,0.12772078
0.050960000000000005,0.12756214
0.05097,0.12569493999999998
0.050980000000000004,0.1255876
0.05099000000000001,0.12374228000000001
0.051000000000000004,0.12364840000000002
0.05101000000000001,0.12198332
0.05102,0.12189374
0.051030000000000006,0.12043986
0.05104,0.12035894
0.051050000000000005,0.11929894
0.05106,0.11925492
0.051070000000000004,0.11905358000000002
0.05108000000000001,0.11904774
0.05109,0.12021184
0.051100000000000007,0.1202976
0.05111,0.12208866
0.051120000000000006,0.12217705999999999
0.05113,0.12411546000000002
0.051140000000000005,0.12422826000000001
0.05115,0.12617134000000002
0.051160000000000004,0.12627707999999999
0.05117000000000001,0.12793092
0.05118,0.12793974000000002
0.051190000000000006,0.12809826
0.0512,0.12807945999999998
0.051210000000000006,0.12681853999999998
0.05122,0.12665388
0.051230000000000005,0.124688
0.05124,0.12459371999999999
0.051250000000000004,0.12282134
0.05126000000000001,0.12274292
0.05127,0.1211924
0.051280000000000006,0.12111986
0.05129,0.11978158000000001
0.051300000000000005,0.11967586
0.05131,0.11905002
0.051320000000000005,0.11897708
0.05133000000000001,0.1194704
0.051340000000000004,0.11953346000000001
0.05135000000000001,0.12110946
0.05136,0.12120774000000001
0.051370000000000006,0.12308931999999999
0.05138,0.12318932
0.051390000000000005,0.12515254
0.0514,0.12526172000000002
0.051410000000000004,0.12715092
0.05142000000000001,0.12737308
0.051430000000000003,0.12816374000000003
0.05144000000000001,0.12821812
0.05145,0.12773772
0.051460000000000006,0.12759117999999997
0.05147,0.12570026
0.051480000000000005,0.12559334
0.05149,0.12373545999999999
0.051500000000000004,0.1236424
0.05151000000000001,0.12199
0.05152,0.12190292
0.051530000000000006,0.120438
0.05154,0.12037854
0.051550000000000006,0.11928214000000001
0.05156,0.11925734000000002
0.051570000000000005,0.11906533999999999
0.05158,0.1190348
0.051590000000000004,0.1202083
0.05160000000000001,0.12029318
0.05161,0.1220596
0.051620000000000006,0.12216385999999999
0.05163,0.12412014
0.051640000000000005,0.12421308
0.05165,0.12617026
0.051660000000000005,0.12627064000000002
0.05167000000000001,0.12792828
0.051680000000000004,0.12797640000000002
0.05169000000000001,0.12813358
0.0517,0.1281012
0.051710000000000006,0.12685256
0.05172,0.12667770000000003
0.051730000000000005,0.12471480000000001
0.05174,0.1245944
0.051750000000000004,0.1228316
0.05176000000000001,0.12275814
0.051770000000000004,0.12122534
0.05178000000000001,0.1211292
0.05179,0.1197916
0.051800000000000006,0.11969228000000001
0.05181,0.11906626000000001
0.051820000000000005,0.11898479999999997
0.05183,0.11949331999999999
0.051840000000000004,0.11954094
0.05185000000000001,0.12110091999999999
0.05186,0.12119559999999999
0.051870000000000006,0.12309748000000001
0.05188,0.12320854
0.051890000000000006,0.12515038
0.0519,0.12526268000000002
0.051910000000000005,0.12716642
0.05192,0.12739373999999998
0.051930000000000004,0.12818904
0.05194000000000001,0.12825224000000002
0.05195,0.12776146000000002
0.051960000000000006,0.1275916
0.05197,0.12571812
0.051980000000000005,0.1256312
0.05199,0.12374426000000001
0.052000000000000005,0.12365788
0.05201000000000001,0.12198574
0.052020000000000004,0.12191263999999999
0.05203000000000001,0.12047413999999998
0.05204,0.12039294
0.052050000000000006,0.11929438
0.05206,0.11926162
0.052070000000000005,0.1190684
0.05208,0.1190528
0.052090000000000004,0.12022493999999999
0.05210000000000001,0.12030571999999999
0.052110000000000004,0.12208374
0.05212000000000001,0.12217532
0.05213,0.12411934
0.052140000000000006,0.12421973999999998
0.05215,0.12616802
0.052160000000000005,0.12625985999999997
0.05217,0.12793414
0.052180000000000004,0.12796558
0.05219000000000001,0.12812158
0.0522,0.12808826
0.052210000000000006,0.12685214
0.05222,0.12665906
0.052230000000000006,0.1247064
0.05224,0.12459373999999998
0.052250000000000005,0.12285104
0.05226,0.12276399999999998
0.052270000000000004,0.12120094000000001
0.05228000000000001,0.12112651999999999
0.05229,0.11977734
0.052300000000000006,0.11968374
0.05231,0.11904946000000001
0.052320000000000005,0.11898522
0.05233,0.119466
0.052340000000000005,0.11953145999999999
0.05235000000000001,0.12109722
0.052360000000000004,0.12120252000000001
0.05237000000000001,0.12307362
0.05238,0.12317267999999999
0.052390000000000006,0.1251368
0.0524,0.12524971999999998
0.052410000000000005,0.12715558
0.05242,0.12737795999999998
0.052430000000000004,0.12817358
0.05244000000000001,0.12824758
0.052450000000000004,0.12775598000000002
0.05246000000000001,0.12760188
0.05247,0.12572265999999999
0.052480000000000006,0.12562598
0.05249,0.12376411999999999
0.052500000000000005,0.12366708
0.05251,0.12200747999999999
0.052520000000000004,0.1219204
0.05253000000000001,0.1204572
0.05254,0.12038562000000001
0.052550000000000006,0.11930922
0.05256,0.11927826
0.052570000000000006,0.11906839999999999
0.05258,0.11905626
0.052590000000000005,0.12022388000000002
0.0526,0.12030692000000001
0.052610000000000004,0.12209056
0.05262000000000001,0.12218282
0.05263,0.12412106
0.052640000000000006,0.12422599999999999
0.05265,0.12618491999999998
0.052660000000000005,0.12628118000000002
0.05267,0.12795494000000002
0.052680000000000005,0.12798414
0.05269000000000001,0.12815545999999997
0.052700000000000004,0.12811412000000003
0.05271000000000001,0.12688346
0.05272,0.12668682
0.052730000000000006,0.12473668
0.05274,0.12464413999999999
0.052750000000000005,0.12287148
0.05276,0.12276374000000001
0.052770000000000004,0.12121705999999999
0.05278000000000001,0.12115518
0.052790000000000004,0.11979653999999999
0.05280000000000001,0.11971026
0.05281,0.11906656
0.052820000000000006,0.11900402000000002
0.05283,0.11950094
0.052840000000000005,0.11954708
0.05285,0.12114812
0.052860000000000004,0.121224
0.05287000000000001,0.12311972
0.05288,0.12321200000000002
0.052890000000000006,0.12517482000000002
0.0529,0.1252588
0.052910000000000006,0.127182
0.05292,0.1274088
0.052930000000000005,0.12821745999999998
0.05294,0.12826788000000003
0.052950000000000004,0.12776678
0.05296000000000001,0.12761252
0.05297,0.1257484
0.052980000000000006,0.12565146
0.05299,0.12376985999999998
0.053000000000000005,0.12367854
0.05301,0.12202468
0.053020000000000005,0.1219396
0.05303000000000001,0.12048373999999999
0.053040000000000004,0.12041547999999999
0.05305000000000001,0.119322
0.05306,0.11928584
0.053070000000000006,0.11907838
0.05308,0.1190668
0.053090000000000005,0.12023745999999999
0.0531,0.12031812
0.053110000000000004,0.12210612000000001
0.05312000000000001,0.12218907999999999
0.053130000000000004,0.12414692000000001
0.05314000000000001,0.12424442
0.05315,0.12619372
0.053160000000000006,0.12631905999999998
0.05317,0.1279752
0.053180000000000005,0.12800773999999998
0.05319,0.12817479999999998
0.053200000000000004,0.12815028
0.05321000000000001,0.12691400000000003
0.05322,0.126718
0.053230000000000006,0.12476174000000002
0.05324,0.12467132
0.053250000000000006,0.12289118000000002
0.05326,0.12280343999999999
0.053270000000000005,0.12124827999999999
0.05328,0.1211676
0.053290000000000004,0.11983066
0.05330000000000001,0.11973772
0.05331,0.11908814000000001
0.053320000000000006,0.11902576000000001
0.05333,0.11949934
0.053340000000000005,0.11957105999999999
0.05335,0.12113694
0.053360000000000005,0.12122920000000001
0.05337000000000001,0.12312746
0.053380000000000004,0.12323801999999999
0.05339000000000001,0.12519360000000002
0.0534,0.12530508
0.053410000000000006,0.12720732
0.05342,0.12743452
0.053430000000000005,0.12823517999999998
0.05344,0.12829866
0.053450000000000004,0.12780562
0.05346000000000001,0.12766223999999998
0.053470000000000004,0.12578332
0.05348000000000001,0.12566771999999998
0.05349,0.12381280000000001
0.053500000000000006,0.12371560000000001
0.05351,0.12206307999999999
0.053520000000000005,0.1219808
0.05353,0.12052454000000001
0.053540000000000004,0.12044200000000001
0.05355000000000001,0.11935092
0.05356,0.11931677999999998
0.053570000000000007,0.11910508
0.05358,0.11907920000000001
0.053590000000000006,0.12025374
0.0536,0.12035106
0.053610000000000005,0.12213357999999999
0.05362,0.12222720000000001
0.053630000000000004,0.12416254
0.05364000000000001,0.12427202
0.05365,0.1262012
0.053660000000000006,0.1263092
0.05367,0.1279932
0.053680000000000005,0.1280192
0.05369,0.12819081999999998
0.053700000000000005,0.1281588
0.05371000000000001,0.12691252
0.053720000000000004,0.1267252
0.05373000000000001,0.12476802000000001
0.05374,0.1246664
0.053750000000000006,0.12291707999999998
0.05376,0.122816
0.053770000000000005,0.12125694000000001
0.05378,0.12115642000000001
0.053790000000000004,0.11983466000000001
0.05380000000000001,0.11973133999999999
0.053810000000000004,0.11909454
0.05382000000000001,0.119026
0.05383,0.11949496
0.053840000000000006,0.11956908
0.05385,0.12113828
0.053860000000000005,0.12123146
0.05387,0.123122
0.053880000000000004,0.1232309
0.05389000000000001,0.12518482000000003
0.0539,0.1252828
0.053910000000000007,0.12719958
0.05392,0.12743105999999998
0.053930000000000006,0.12822108000000002
0.05394,0.1282913
0.053950000000000005,0.12780104
0.05396,0.12765052000000002
0.053970000000000004,0.12576388
0.05398000000000001,0.12568944
0.05399,0.1237992
0.054000000000000006,0.12370306
0.05401,0.12204828000000001
0.054020000000000006,0.12196465999999999
0.05403,0.12051134000000001
0.054040000000000005,0.1204356
0.05405000000000001,0.11934507999999999
0.054060000000000004,0.11931148
0.05407000000000001,0.1190824
0.05408,0.11905479999999999
0.054090000000000006,0.12023252
0.0541,0.12032426
0.054110000000000005,0.12211026
0.05412,0.12219692
0.054130000000000005,0.12414668
0.05414000000000001,0.1242588
0.054150000000000004,0.12620786
0.05416000000000001,0.12629518
0.05417,0.12798958
0.054180000000000006,0.1280112
0.05419,0.12817251999999998
0.054200000000000005,0.128152
0.05421,0.12691654
0.054220000000000004,0.12672415999999997
0.05423000000000001,0.12476574
0.054240000000000003,0.12467188
0.05425000000000001,0.12289986000000001
0.05426,0.12283054
0.054270000000000006,0.12126080000000002
0.05428,0.1211844
0.054290000000000005,0.11983051999999998
0.0543,0.11973637999999998
0.054310000000000004,0.11910014
0.05432000000000001,0.11901547999999999
0.05433,0.11948922
0.054340000000000006,0.11957788
0.05435,0.12115000000000001
0.054360000000000006,0.12124294
0.05437,0.12311692
0.054380000000000005,0.123228
0.05439000000000001,0.1251744
0.054400000000000004,0.12528478
0.05441000000000001,0.12720012
0.05442,0.12742494
0.054430000000000006,0.12821932
0.05444,0.1283068
0.054450000000000005,0.12779854
0.05446,0.12764454
0.054470000000000005,0.12578026
0.05448000000000001,0.12567783999999999
0.054490000000000004,0.12379852
0.05450000000000001,0.12371639999999999
0.05451,0.12206840000000001
0.054520000000000006,0.12197239999999998
0.05453,0.12051107999999999
0.054540000000000005,0.12044706000000001
0.05455,0.11934802
0.054560000000000004,0.11931879999999999
0.05457000000000001,0.11909454
0.054580000000000004,0.1190736
0.05459000000000001,0.12024894000000001
0.0546,0.12032028000000002
0.054610000000000006,0.12210133999999999
0.05462,0.12220054
0.054630000000000005,0.12415225999999999
0.05464,0.12426158000000001
0.054650000000000004,0.12619560000000002
0.05466000000000001,0.12629866
0.05467,0.12796574
0.054680000000000006,0.12800078
0.05469,0.12814785999999997
0.054700000000000006,0.12814812000000003
0.05471,0.126884
0.054720000000000005,0.12672174000000003
0.05473000000000001,0.12475988
0.054740000000000004,0.12465694000000001
0.05475000000000001,0.12289120000000002
0.05476,0.12279599999999999
0.054770000000000006,0.12125148000000001
0.05478,0.12115278
0.054790000000000005,0.11981214
0.0548,0.11972986
0.054810000000000005,0.1191004
0.05482000000000001,0.11900506
0.054830000000000004,0.11951266
0.05484000000000001,0.11956814
0.05485,0.12112466
0.054860000000000006,0.1212224
0.05487,0.12312707999999999
0.054880000000000005,0.12321895999999999
0.05489,0.12517934
0.054900000000000004,0.12527254000000002
0.05491000000000001,0.12718042000000002
0.054920000000000004,0.12739306
0.05493000000000001,0.12820426000000001
0.05494,0.12838906
0.054950000000000006,0.12768972
0.05496,0.12762984
0.054970000000000005,0.125746
0.05498,0.12565586
0.054990000000000004,0.12378496000000001
0.05500000000000001,0.12369012000000001
0.05501,0.12204092
0.055020000000000006,0.1219604
0.05503,0.12047851999999999
0.055040000000000006,0.12041708
0.05505,0.11932787999999998
0.055060000000000005,0.1193157
0.05507000000000001,0.11908495999999999
0.055080000000000004,0.11904442000000001
0.05509000000000001,0.1202232
0.0551,0.12031944000000001
0.055110000000000006,0.12209319999999999
0.05512,0.12220134
0.055130000000000005,0.12414428
0.05514,0.12426736000000001
0.055150000000000005,0.12619402
0.05516000000000001,0.12629308
0.055170000000000004,0.1279592
0.05518000000000001,0.12798438
0.05519,0.12815746
0.055200000000000006,0.12812586
0.05521,0.12688106
0.055220000000000005,0.1267036
0.05523,0.12474386
0.055240000000000004,0.12466534
0.05525000000000001,0.1228872
0.055260000000000004,0.12279933999999999
0.05527000000000001,0.12124162000000001
0.05528,0.12117452
0.055290000000000006,0.11982037999999999
0.0553,0.11972920000000001
0.055310000000000005,0.1190868
0.05532,0.11901348
0.055330000000000004,0.11950145999999999
0.05534000000000001,0.11957157999999998
0.05535,0.12111920000000001
0.055360000000000006,0.12121641999999999
0.05537,0.12310491999999999
0.055380000000000006,0.12321214
0.05539,0.12516174
0.055400000000000005,0.1252488
0.05541000000000001,0.12717054
0.055420000000000004,0.12739
0.05543000000000001,0.1281908
0.05544,0.12824852
0.055450000000000006,0.12775240000000002
0.05546,0.12760732
0.055470000000000005,0.12573774000000001
0.05548,0.12562678
0.055490000000000005,0.12375571999999999
0.05550000000000001,0.12367492
0.055510000000000004,0.12200266
0.05552000000000001,0.12192670000000001
0.05553,0.12047388
0.055540000000000006,0.12040068000000001
0.05555,0.11932468
0.055560000000000005,0.11929362000000002
0.05557,0.11907146000000002
0.055580000000000004,0.11905117999999999
0.05559000000000001,0.1202124
0.055600000000000004,0.12028348
0.05561000000000001,0.12209254
0.05562,0.12216721999999999
0.055630000000000006,0.12410638
0.05564,0.12420332
0.055650000000000005,0.12615238
0.05566,0.12624748
0.055670000000000004,0.12791706
0.05568000000000001,0.12793453999999999
0.05569,0.12808916
0.055700000000000006,0.12809132
0.05571,0.12681746
0.055720000000000006,0.12663839999999998
0.05573,0.12469572
0.055740000000000005,0.12460266
0.05575000000000001,0.12282894
0.055760000000000004,0.12274734000000001
0.05577000000000001,0.12119016
0.05578,0.12112842000000001
0.055790000000000006,0.11976667999999999
0.0558,0.11967428
0.055810000000000005,0.11904266
0.05582,0.11896986000000001
0.055830000000000005,0.11945787999999999
0.05584000000000001,0.11951718
0.055850000000000004,0.12107866
0.05586000000000001,0.12117092
0.05587,0.1230437
0.055880000000000006,0.12315453999999999
0.05589,0.12509162000000001
0.055900000000000005,0.12520066
0.05591,0.12711534
0.055920000000000004,0.12732494
0.05593000000000001,0.12812826
0.055940000000000004,0.12818026
0.05595000000000001,0.12770504
0.05596,0.12754654
0.055970000000000006,0.1256837
0.05598,0.1255784
0.055990000000000005,0.12370774
0.056,0.12362600000000001
0.056010000000000004,0.12196959999999998
0.05602000000000001,0.12189108
0.05603,0.12044548
0.056040000000000006,0.12035757999999999
0.05605,0.1192636
0.056060000000000006,0.11925842
0.05607,0.1190264
0.056080000000000005,0.11900666
0.05609000000000001,0.12017333999999999
0.056100000000000004,0.12026348
0.05611000000000001,0.12204212
0.05612,0.12213292
0.056130000000000006,0.12406281999999999
0.05614,0.12417188000000001
0.056150000000000005,0.12611508
0.05616,0.12620414
0.056170000000000005,0.12786506000000003
0.05618000000000001,0.12789908
0.056190000000000004,0.12805505999999997
0.05620000000000001,0.12803068
0.05621,0.12678266
0.056220000000000006,0.12659347999999998
0.05623,0.12465294
0.056240000000000005,0.12455094
0.05625,0.12279013999999999
0.056260000000000004,0.12271119999999999
0.05627000000000001,0.12114465999999999
0.056280000000000004,0.12107973999999999
0.05629000000000001,0.11974599999999999
0.0563,0.1196424
0.056310000000000006,0.11901292
0.05632,0.11895654
0.056330000000000005,0.11942682
0.05634,0.11950293999999999
0.056350000000000004,0.1210656
0.05636000000000001,0.12116389999999999
0.05637,0.12302932
0.056380000000000006,0.12315985999999998
0.05639,0.12509242
0.056400000000000006,0.12518838
0.05641,0.12708880000000003
0.056420000000000005,0.127312
0.05643000000000001,0.12811438
0.056440000000000004,0.12816571999999998
0.05645000000000001,0.12766666
0.05646,0.12752360000000001
0.056470000000000006,0.12565906
0.05648,0.1255516
0.056490000000000005,0.12369094
0.0565,0.12358424000000001
0.056510000000000005,0.12193879999999999
0.05652000000000001,0.12187694
0.056530000000000004,0.12043105999999999
0.05654000000000001,0.12033482
0.05655,0.119258
0.056560000000000006,0.11923388000000001
0.05657,0.11902333999999999
0.056580000000000005,0.11901812
0.05659,0.12016987999999999
0.056600000000000004,0.12026079999999999
0.05661000000000001,0.12203372000000001
0.056620000000000004,0.12212998000000001
0.05663000000000001,0.12404238000000001
0.05664,0.12417174
0.056650000000000006,0.12608654000000002
0.05666,0.12620494
0.056670000000000005,0.12784758000000002
0.05668,0.12786438
0.056690000000000004,0.12803344
0.05670000000000001,0.1280157
0.05671,0.12675734
0.056720000000000007,0.12657812000000002
0.05673,0.1246116
0.056740000000000006,0.12451774
0.05675,0.12276785999999999
0.056760000000000005,0.12268694
0.05677000000000001,0.12113882000000001
0.056780000000000004,0.12107386
0.05679000000000001,0.11972906000000001
0.0568,0.11965082000000002
0.056810000000000006,0.11900922
0.05682,0.1189412
0.056830000000000006,0.11942971999999999
0.05684,0.11949106000000001
0.056850000000000005,0.12104692000000002
0.05686000000000001,0.12115251999999999
0.056870000000000004,0.12302263999999999
0.05688000000000001,0.12312411999999999
0.05689,0.12506118000000002
0.056900000000000006,0.12517306
0.05691,0.12705478
0.056920000000000005,0.12728746
0.05693,0.1280752
0.056940000000000004,0.12812666
0.05695000000000001,0.12764216
0.056960000000000004,0.1274808
0.05697000000000001,0.12560976
0.05698,0.12552602000000002
0.056990000000000006,0.12365333999999999
0.057,0.12356905999999998
0.057010000000000005,0.12190278000000002
0.05702,0.12183892
0.057030000000000004,0.1204004
0.05704000000000001,0.120318
0.057050000000000003,0.11924505999999999
0.05706000000000001,0.11922360000000001
0.05707,0.11901002000000001
0.057080000000000006,0.11900108000000001
0.05709,0.12016974
0.057100000000000005,0.12024372000000001
0.05711000000000001,0.12201390000000001
0.057120000000000004,0.12211094
0.05713000000000001,0.12405094000000001
0.05714,0.12416400000000001
0.057150000000000006,0.12608303999999998
0.05716,0.12618374
0.057170000000000006,0.1278504
0.05718,0.127878
0.057190000000000005,0.12804158
0.05720000000000001,0.12800334
0.057210000000000004,0.12675426
0.05722000000000001,0.12657601999999998
0.05723,0.12460960000000001
0.057240000000000006,0.12451680000000001
0.05725,0.1227784
0.057260000000000005,0.12269437999999999
0.05727,0.12115052
0.057280000000000005,0.12107454
0.05729000000000001,0.11973586
0.057300000000000004,0.11963707999999999
0.05731000000000001,0.11902028
0.05732,0.11895107999999999
0.057330000000000006,0.11943733999999999
0.05734,0.11949826000000001
0.057350000000000005,0.1210644
0.05736,0.12117296
0.057370000000000004,0.12305412
0.05738000000000001,0.1231428
0.057390000000000004,0.12509374
0.05740000000000001,0.12518932
0.05741,0.12708426
0.057420000000000006,0.12732292
0.05743,0.12810306
0.057440000000000005,0.12827828
0.05745000000000001,0.12755934
0.057460000000000004,0.12751544
0.05747000000000001,0.12565012
0.05748,0.12552278
0.057490000000000006,0.12367214
0.0575,0.1235884
0.057510000000000006,0.12194012000000001
0.05752,0.12186666000000002
0.057530000000000005,0.12039974
0.05754000000000001,0.12032918000000001
0.057550000000000004,0.11925988000000001
0.05756000000000001,0.11923242
0.05757,0.11904185999999999
0.057580000000000006,0.11902856000000002
0.05759,0.12017839999999999
0.057600000000000005,0.12026867999999999
0.05761,0.1220208
0.057620000000000005,0.12212574000000001
0.05763000000000001,0.12406186
0.057640000000000004,0.1241612
0.05765000000000001,0.12609202000000003
0.05766,0.12619986
0.057670000000000006,0.12784
0.05768,0.12787692
0.057690000000000005,0.12801348
0.0577,0.12799228
0.057710000000000004,0.1267356
0.05772000000000001,0.12655946
0.057730000000000004,0.12460144
0.05774000000000001,0.12450452000000001
0.05775,0.12277078
0.057760000000000006,0.12266239999999999
0.05777,0.12111868
0.057780000000000005,0.12104746
0.05779000000000001,0.11972414
0.057800000000000004,0.11963134
0.05781000000000001,0.11900625999999999
0.05782,0.11892798
0.057830000000000006,0.11941882000000001
0.05784,0.11949906000000002
0.057850000000000006,0.12105919999999999
0.05786,0.12114506
0.057870000000000005,0.1230168
0.05788000000000001,0.12312854
0.057890000000000004,0.12504960000000004
0.05790000000000001,0.12515891999999998
0.05791,0.12705986
0.057920000000000006,0.12727066
0.05793,0.12806290000000004
0.057940000000000005,0.12812439999999997
0.05795,0.12760826
0.057960000000000005,0.127444
0.05797000000000001,0.12559108000000002
0.057980000000000004,0.12548786
0.05799000000000001,0.12363146
0.058,0.12354639999999999
0.058010000000000006,0.12190746
0.05802,0.12181187999999998
0.058030000000000005,0.12037988
0.05804,0.12028946
0.058050000000000004,0.11921638000000001
0.05806000000000001,0.11917948
0.058070000000000004,0.11898946000000002
0.05808000000000001,0.11897772
0.05809,0.12014253999999999
0.058100000000000006,0.1202288
0.05811,0.122004
0.058120000000000005,0.12209985999999999
0.05813000000000001,0.12404199999999999
0.058140000000000004,0.12413692000000001
0.05815000000000001,0.12606772
0.05816,0.12617292
0.058170000000000006,0.12783254
0.05818,0.1278476
0.058190000000000006,0.12800278
0.0582,0.12798224
0.058210000000000005,0.12674122
0.05822000000000001,0.1265532
0.058230000000000004,0.12459974000000003
0.05824000000000001,0.12449736
0.05825,0.1227528
0.058260000000000006,0.12265733999999999
0.05827,0.12110586000000001
0.058280000000000005,0.12104199999999998
0.05829,0.1196992
0.058300000000000005,0.11960931999999999
0.05831000000000001,0.11899039999999998
0.058320000000000004,0.1189124
0.05833000000000001,0.11941626000000001
0.05834,0.11947614
0.058350000000000006,0.12104105999999999
0.05836,0.12114507999999999
0.058370000000000005,0.12301066000000001
0.05838,0.12311642
0.058390000000000004,0.12505908
0.05840000000000001,0.12516480000000002
0.058410000000000004,0.12707346000000003
0.05842000000000001,0.12727398
0.05843,0.12806198
0.058440000000000006,0.12813519999999998
0.05845,0.1276304
0.058460000000000005,0.1274768
0.05847000000000001,0.12560759999999999
0.058480000000000004,0.12550788000000002
0.05849000000000001,0.1236384
0.0585,0.12356266
0.058510000000000006,0.12189614
0.05852,0.12181894
0.058530000000000006,0.12036866000000002
0.05854,0.12030091999999999
0.058550000000000005,0.11919946000000001
0.05856000000000001,0.11919865999999998
0.058570000000000004,0.11900974
0.05858000000000001,0.11897744000000002
0.05859,0.12014412000000001
0.058600000000000006,0.12022451999999999
0.05861,0.12200668
0.058620000000000005,0.12210879999999999
0.05863,0.12403918
0.058640000000000005,0.12413494
0.05865000000000001,0.1260764
0.058660000000000004,0.126172
0.05867000000000001,0.12783532
0.05868,0.12786387999999999
0.058690000000000006,0.12800161999999998
0.0587,0.12797892
0.058710000000000005,0.12672731999999998
0.05872,0.12653026
0.058730000000000004,0.12459226000000001
0.05874000000000001,0.12448851999999999
0.058750000000000004,0.12273947999999998
0.05876000000000001,0.12267653999999999
0.05877,0.12112118000000001
0.058780000000000006,0.12104319999999999
0.05879,0.11969772000000001
0.058800000000000005,0.11959948000000001
0.05881000000000001,0.11897988
0.058820000000000004,0.11892971999999999
0.05883000000000001,0.11941892000000001
0.05884,0.11946986
0.058850000000000006,0.12104105999999999
0.05886,0.12114548
0.058870000000000006,0.12302734000000001
0.05888,0.12310694
0.058890000000000005,0.12507746000000003
0.05890000000000001,0.12517799999999998
0.058910000000000004,0.12708214
0.05892000000000001,0.1273032
0.05893,0.12810786
0.058940000000000006,0.12814920000000002
0.05895,0.12765092
0.058960000000000005,0.1274952
0.05897,0.12561906
0.058980000000000005,0.12551856
0.05899000000000001,0.12365452000000002
0.059000000000000004,0.12357134
0.05901000000000001,0.12192398
0.05902,0.12182691999999999
0.059030000000000006,0.12038317999999999
0.05904,0.12031706
0.059050000000000005,0.11922557999999998
0.05906,0.11918760000000002
0.059070000000000004,0.11899958
0.05908000000000001,0.11898388
0.059090000000000004,0.12015081999999999
0.05910000000000001,0.12026677999999999
0.05911,0.12203908
0.059120000000000006,0.12212426000000001
0.05913,0.1240532
0.059140000000000005,0.12417281999999999
0.05915000000000001,0.12609598
0.059160000000000004,0.12620386
0.05917000000000001,0.12786814
0.05918,0.12790468000000002
0.059190000000000006,0.1280453
0.0592,0.12802064
0.059210000000000006,0.12676972000000003
0.05922,0.12659414
0.059230000000000005,0.12463959999999999
0.05924000000000001,0.12452482000000001
0.059250000000000004,0.12278026
0.05926000000000001,0.1227016
0.05927,0.12115052
0.059280000000000006,0.12106908000000001
0.05929,0.11971815999999999
0.059300000000000005,0.11963678
0.05931,0.119028
0.059320000000000005,0.11894346
0.05933000000000001,0.11944412
0.059340000000000004,0.11949866
0.05935000000000001,0.12108108
0.05936,0.12117986
0.059370000000000006,0.12304425999999999
0.05938,0.12315174
0.059390000000000005,0.12509346
0.0594,0.1252028
0.059410000000000004,0.12711013999999998
0.05942000000000001,0.12733306
0.059430000000000004,0.12813239999999998
0.05944000000000001,0.12819052
0.05945,0.12770694
0.059460000000000006,0.1275312
0.05947,0.12567252
0.059480000000000005,0.12555372
0.05949000000000001,0.1237044
0.059500000000000004,0.1235976
0.05951000000000001,0.12194666000000001
0.05952,0.12186640000000001
0.059530000000000007,0.12042064000000001
0.05954,0.12034266
0.059550000000000006,0.11925851999999999
0.05956,0.11923547999999999
0.059570000000000005,0.11903334000000002
0.05958000000000001,0.11902586
0.059590000000000004,0.12019465999999998
0.05960000000000001,0.12026814
0.05961,0.12205906
0.059620000000000006,0.12215934000000002
0.05963,0.12411851999999998
0.059640000000000006,0.12421587999999999
0.05965,0.12613626
0.059660000000000005,0.12624172
0.05967000000000001,0.12791012
0.059680000000000004,0.12793972
0.05969000000000001,0.12809106
0.0597,0.12805371999999998
0.059710000000000006,0.12680478
0.05972,0.12662998
0.059730000000000005,0.12466839999999998
0.05974,0.12457359999999999
0.059750000000000004,0.12281974
0.05976000000000001,0.12272256000000001
0.059770000000000004,0.12116706
0.05978000000000001,0.12108546
0.05979,0.11974199999999999
0.059800000000000006,0.11963771999999999
0.05981,0.11903413999999998
0.059820000000000005,0.11897376
0.05983000000000001,0.11947294
0.059840000000000004,0.11952494
0.05985000000000001,0.12109505999999999
0.059860000000000003,0.12120428000000001
0.05987000000000001,0.12307839999999999
0.05988,0.12318065999999998
0.059890000000000006,0.12514454
0.0599,0.12525026
0.059910000000000005,0.1271565
0.05992000000000001,0.12737812
0.059930000000000004,0.12817012
0.05994000000000001,0.1282289
0.05995,0.12772440000000002
0.059960000000000006,0.1275788
0.05997,0.12569574
0.059980000000000006,0.12559162000000001
0.05999,0.12373706
0.060000000000000005,0.12368704
0.06001000000000001,0.12204134
0.060020000000000004,0.1219816
0.06003000000000001,0.12051227999999999
0.06004,0.12042785999999998
0.060050000000000006,0.11932000000000001
0.06006,0.11929934
0.060070000000000005,0.11903117999999999
0.06008,0.11903706
0.060090000000000005,0.12016668
0.06010000000000001,0.12026239999999999
0.060110000000000004,0.12200839999999999
0.06012000000000001,0.12211545999999998
0.06013,0.12403066
0.060140000000000006,0.12415468
0.06015,0.12607732
0.060160000000000005,0.12617757999999998
0.06017000000000001,0.12788198
0.060180000000000004,0.12783974
0.06019000000000001,0.12815959999999998
0.060200000000000004,0.12814866
0.06021000000000001,0.12690012
0.06022,0.12670732
0.060230000000000006,0.12477131999999999
0.06024,0.12465867999999998
0.060250000000000005,0.12291574000000001
0.06026000000000001,0.12281826
0.060270000000000004,0.12125398000000001
0.06028000000000001,0.12116708000000001
0.06029,0.11984014000000001
0.060300000000000006,0.11979096
0.06031,0.1190208
0.060320000000000006,0.11900999999999999
0.06033,0.11939466000000001
0.060340000000000005,0.11951304
0.06035000000000001,0.12105918
0.060360000000000004,0.12115028000000001
0.06037000000000001,0.12301118
0.06038,0.123112
0.060390000000000006,0.12506748
0.0604,0.12516454
0.060410000000000005,0.12706226
0.06042,0.1271968
0.060430000000000005,0.12817479999999998
0.06044000000000001,0.12825546000000002
0.060450000000000004,0.12772252
0.06046000000000001,0.12762226
0.06047,0.1257584
0.060480000000000006,0.1256676
0.06049,0.123794
0.060500000000000005,0.12370292000000001
0.06051000000000001,0.12204492
0.060520000000000004,0.12196451999999999
0.06053000000000001,0.12050922
0.060540000000000004,0.12042265999999999
0.06055000000000001,0.11933266000000001
0.06056,0.11929986000000001
0.060570000000000006,0.11905133999999999
0.06058,0.11903616000000002
0.060590000000000005,0.12017736000000001
0.06060000000000001,0.1202596
0.060610000000000004,0.12203159999999999
0.06062000000000001,0.122106
0.06063,0.12404386
0.060640000000000006,0.12413493999999999
0.06065,0.12607868
0.060660000000000006,0.12619024
0.06067,0.12788002
0.060680000000000005,0.12787052
0.06069000000000001,0.128186
0.060700000000000004,0.12818146000000002
0.06071000000000001,0.12690824
0.06072,0.12672694
0.060730000000000006,0.12476878
0.06074,0.12469679999999998
0.060750000000000005,0.12292026
0.06076,0.12283814
0.060770000000000005,0.12127746000000002
0.06078000000000001,0.1211916
0.060790000000000004,0.1198544
0.06080000000000001,0.11980653999999999
0.06081,0.11904358000000001
0.060820000000000006,0.11902694
0.06083,0.11940745999999999
0.060840000000000005,0.11953253999999999
0.06085000000000001,0.12107426000000002
0.060860000000000004,0.12117
0.06087000000000001,0.12303748
0.060880000000000004,0.12314518
0.06089000000000001,0.12510359999999998
0.0609,0.12519602
0.060910000000000006,0.12711238
0.06092,0.12724322
0.060930000000000005,0.1282392
0.06094000000000001,0.12831573999999998
0.060950000000000004,0.1277852
0.06096000000000001,0.12767466
0.06097,0.12582588
0.060980000000000006,0.1257284
0.06099,0.12385386000000001
0.061000000000000006,0.1237636
0.06101,0.12210026
0.061020000000000005,0.12201108000000001
0.06103000000000001,0.12055853999999999
0.061040000000000004,0.1204731
0.06105000000000001,0.11937332
0.06106,0.11934987999999999
0.061070000000000006,0.11907053999999999
0.06108,0.11908159999999998
0.061090000000000005,0.12021252
0.0611,0.12029026000000001
0.061110000000000005,0.12204506
0.06112000000000001,0.12215228
0.061130000000000004,0.12408825999999999
0.06114000000000001,0.12418692
0.06115,0.1261044
0.061160000000000006,0.12623054
0.06117,0.12790798
0.061180000000000005,0.12788492
0.06119000000000001,0.12819054000000002
0.061200000000000004,0.12818774
0.06121000000000001,0.12692546
0.061220000000000004,0.12675160000000002
0.06123000000000001,0.12480198
0.06124,0.12470106
0.061250000000000006,0.1229344
0.06126,0.12284641999999998
0.061270000000000005,0.12129788000000001
0.06128000000000001,0.12121654
0.061290000000000004,0.11988748
0.06130000000000001,0.11982866
0.06131,0.11906186
0.061320000000000006,0.11903691999999999
0.06133,0.11941948
0.061340000000000006,0.11952678000000001
0.06135,0.12108652
0.061360000000000005,0.12118576
0.06137000000000001,0.12304786000000001
0.061380000000000004,0.12315707999999999
0.06139000000000001,0.12509226
0.0614,0.12520011999999997
0.061410000000000006,0.1271112
0.06142,0.12723854
0.061430000000000005,0.12824506000000002
0.06144000000000001,0.12829306
0.061450000000000005,0.12776200000000001
0.06146000000000001,0.1276724
0.061470000000000004,0.12582306000000001
0.06148000000000001,0.12572492000000002
0.06149,0.12385494000000001
0.061500000000000006,0.12375828
0.06151,0.12211014
0.061520000000000005,0.12200039999999998
0.06153000000000001,0.12053907999999999
0.061540000000000004,0.12047452
0.06155000000000001,0.11934628
0.061560000000000004,0.11933934000000002
0.06157000000000001,0.1190612
0.06158,0.11907054000000002
0.061590000000000006,0.12019305999999999
0.0616,0.1202808
0.061610000000000005,0.12204694
0.06162000000000001,0.12214266
0.061630000000000004,0.1240812
0.06164000000000001,0.12419
0.06165,0.12612611999999998
0.061660000000000006,0.12622640000000002
0.06167,0.12793063999999998
0.061680000000000006,0.12790706000000002
0.06169,0.12823016
0.061700000000000005,0.12821520000000003
0.06171000000000001,0.12697388
0.061720000000000004,0.12678348
0.06173000000000001,0.12483732
0.06174,0.12473762
0.061750000000000006,0.12296626
0.06176,0.12289372000000001
0.061770000000000005,0.12133693999999999
0.06178000000000001,0.12124518
0.061790000000000005,0.11990145999999999
0.06180000000000001,0.11983602
0.061810000000000004,0.11907517999999999
0.06182000000000001,0.11906653999999998
0.06183,0.11943254
0.061840000000000006,0.11954348
0.06185,0.12109519999999999
0.061860000000000005,0.12117082000000001
0.06187000000000001,0.12307892000000001
0.061880000000000004,0.12318426
0.06189000000000001,0.12511374000000003
0.061900000000000004,0.12522254
0.06191000000000001,0.12714119999999998
0.06192,0.12726412
0.061930000000000006,0.12827598
0.06194,0.12833398000000001
0.061950000000000005,0.12780932
0.06196000000000001,0.12771708
0.061970000000000004,0.12584814000000002
0.06198000000000001,0.12576466
0.06199,0.12388400000000002
0.062000000000000006,0.12378386
0.06201,0.12211962000000001
0.062020000000000006,0.12204185999999999
0.06203,0.12056987999999999
0.062040000000000005,0.12050334
0.06205000000000001,0.119394
0.062060000000000004,0.11936788000000001
0.06207000000000001,0.11908
0.06208,0.11908201999999998
0.062090000000000006,0.12021
0.0621,0.12030133999999999
0.062110000000000005,0.12206226
0.06212000000000001,0.12215799999999999
0.062130000000000005,0.12411000000000001
0.06214000000000001,0.12419438000000001
0.062150000000000004,0.12611612
0.06216000000000001,0.1262256
0.06217,0.12790746
0.062180000000000006,0.12790892
0.06219,0.1282356
0.062200000000000005,0.12820186
0.06221000000000001,0.12696144
0.062220000000000004,0.12677681999999998
0.06223000000000001,0.12482332
0.062240000000000004,0.12473292
0.06225000000000001,0.12295026
0.06226,0.12288534
0.062270000000000006,0.12131480000000001
0.06228,0.1212356
0.062290000000000005,0.1198904
0.06230000000000001,0.11984546
0.062310000000000004,0.11906787999999999
0.06232000000000001,0.11905226
0.06233,0.11943746
0.062340000000000007,0.11953438000000001
0.06235,0.12108188
0.062360000000000006,0.12118465999999999
0.06237,0.12306291999999999
0.062380000000000005,0.123156
0.06239000000000001,0.1250988
0.062400000000000004,0.12520892
0.06241000000000001,0.12710280000000002
0.06242,0.12723882
0.062430000000000006,0.12824506
0.06244,0.12831534000000003
0.062450000000000006,0.12778588
0.06246000000000001,0.12771517999999998
0.062470000000000005,0.12585014
0.06248000000000001,0.1257364
0.062490000000000004,0.12388478
0.0625,0.12378254
0.06251000000000001,0.12211452
0.06252,0.12204785999999998
0.06253,0.12056866
0.06254,0.12050654000000001
0.06255000000000001,0.11938439999999999
0.06256,0.11934708000000001
0.06257,0.11909174
0.06258000000000001,0.11907132000000001
0.06259,0.12021732
0.0626,0.12029414000000001
0.06261,0.12206318000000001
0.06262000000000001,0.12214478
0.06263,0.12407198
0.06264,0.12419332000000001
0.06265000000000001,0.12612744
0.06266000000000001,0.12622944
0.06267,0.12792014
0.06268,0.1279132
0.06269000000000001,0.12824518000000001
0.0627,0.12821882
0.06271,0.12699212
0.06272000000000001,0.12679173999999999
0.06273000000000001,0.12484282
0.06274,0.12474866
0.06275,0.12297936000000001
0.06276000000000001,0.12288373999999999
0.06277,0.12133681999999998
0.06278,0.12126108
0.06279,0.11991546
0.06280000000000001,0.119862
0.06281,0.11908242
0.06282,0.11908134000000001
0.06283000000000001,0.11945639999999999
0.06284000000000001,0.11953934
0.06285,0.12111628
0.06286,0.121194
0.06287000000000001,0.12307013999999998
0.06288,0.12316426
0.06289,0.12513586000000002
0.06290000000000001,0.12520788
0.06291000000000001,0.12713800000000003
0.06292,0.12726534
0.06293,0.128276
0.06294000000000001,0.12833200000000003
0.06295,0.1278084
0.06296,0.12771214
0.06297000000000001,0.12586374
0.06298000000000001,0.12577750000000001
0.06299,0.12388868
0.063,0.12379891999999999
0.06301000000000001,0.12213824
0.06302,0.12205812
0.06303,0.12059508
0.06304,0.12051626
0.06305000000000001,0.1194044
0.06306,0.11937426000000002
0.06307,0.11909331999999999
0.06308000000000001,0.11910293999999999
0.06309000000000001,0.12023438
0.0631,0.12032932
0.06311,0.12209774
0.06312000000000001,0.12217758000000001
0.06313,0.1241068
0.06314,0.12421096000000001
0.06315000000000001,0.12615026000000001
0.06316000000000001,0.12626668000000002
0.06317,0.127952
0.06318,0.12792988
0.06319000000000001,0.12826706
0.0632,0.12824293999999997
0.06321,0.12701120000000002
0.06322,0.12682160000000003
0.06323000000000001,0.12486865999999999
0.06324,0.12478985999999999
0.06325,0.12299492000000001
0.06326000000000001,0.12291703999999999
0.06327,0.12135372
0.06328,0.12128002000000002
0.06329,0.11993428000000002
0.06330000000000001,0.11987413999999999
0.06331,0.11911091999999998
0.06332,0.11909358
0.06333000000000001,0.11945614
0.06334000000000001,0.1195716
0.06335,0.12112666000000001
0.06336,0.12120706
0.06337000000000001,0.12309482000000001
0.06338,0.12319294
0.06339,0.12514988
0.06340000000000001,0.12526428
0.06341000000000001,0.12715063999999998
0.06342,0.12730758
0.06343,0.12829572
0.06344000000000001,0.12835745999999998
0.06345,0.12784414000000002
0.06346,0.12774932
0.06347,0.12591186000000001
0.06348000000000001,0.12578958
0.06349,0.12392866
0.0635,0.12383866000000002
0.06351000000000001,0.12217945999999999
0.06352000000000001,0.12209133999999999
0.06353,0.12061652
0.06354,0.12055134
0.06355000000000001,0.11942265999999999
0.06356,0.11940759999999999
0.06357,0.11911532
0.06358000000000001,0.11911160000000001
0.06359000000000001,0.12024760000000001
0.0636,0.1203272
0.06361,0.12209038000000001
0.06362000000000001,0.12219546
0.06363,0.12411597999999999
0.06364,0.12424294
0.06365000000000001,0.12615214
0.06366000000000001,0.12626971999999997
0.06367,0.1279576
0.06368,0.12794468
0.06369000000000001,0.12826052000000002
0.0637,0.1282684
0.06371,0.12701853999999999
0.06372,0.12682054
0.06373000000000001,0.12489478000000001
0.06374,0.12479598
0.06375,0.12301174000000001
0.06376000000000001,0.12292627999999999
0.06377000000000001,0.12136013999999999
0.06378,0.12128772000000002
0.06379,0.11992558
0.06380000000000001,0.11989268
0.06381,0.11910121999999998
0.06382,0.11907734
0.06383000000000001,0.11944906
0.06384000000000001,0.11955774000000001
0.06385,0.12112053999999998
0.06386,0.12120612
0.06387000000000001,0.12309452000000001
0.06388,0.12320148
0.06389,0.1251401
0.0639,0.12523372
0.06391000000000001,0.12714638
0.06392,0.12728598
0.06393,0.12828626000000004
0.06394000000000001,0.12835026
0.06395,0.12781853999999998
0.06396,0.12774774
0.06397,0.12588066
0.06398000000000001,0.12579400000000002
0.06399,0.12391854
0.064,0.12380734000000002
0.06401000000000001,0.12215013999999999
0.06402000000000001,0.12206588
0.06403,0.12059040000000001
0.06404,0.1205352
0.06405000000000001,0.1194048
0.06406,0.11937905999999998
0.06407,0.11909239999999999
0.06408000000000001,0.11911108
0.06409000000000001,0.12021772
0.0641,0.12030759999999999
0.06411,0.12207227999999999
0.06412000000000001,0.12216933999999999
0.06413,0.12409733999999999
0.06414,0.12421282
0.06415,0.126134
0.06416000000000001,0.12624946
0.06417,0.12794252
0.06418,0.1279204
0.06419000000000001,0.12825028
0.06420000000000001,0.12825267999999998
0.06421,0.12700456
0.06422,0.12680397999999998
0.06423000000000001,0.12486412
0.06424,0.12477682000000001
0.06425,0.12299412000000001
0.06426000000000001,0.12291120000000003
0.06427000000000001,0.1213524
0.06428,0.12127080000000001
0.06429,0.11992319999999998
0.06430000000000001,0.11986319999999999
0.06431,0.11910694
0.06432,0.11907559999999999
0.06433000000000001,0.11945242
0.06434000000000001,0.11956454000000001
0.06435,0.12110402
0.06436,0.1212
0.06437000000000001,0.12305600000000001
0.06438,0.12317666000000001
0.06439,0.12511132
0.0644,0.12522545999999998
0.06441000000000001,0.12712574
0.06442,0.1272628
0.06443,0.12824545999999998
0.06444000000000001,0.12834252
0.06445000000000001,0.12780292000000001
0.06446,0.12770705999999998
0.06447,0.1258692
0.06448000000000001,0.12577146
0.06449,0.12388946
0.0645,0.12380868
0.06451000000000001,0.1221252
0.06452000000000001,0.122044
0.06453,0.12059468
0.06454,0.12050478
0.06455000000000001,0.11939375999999999
0.06456,0.11937613999999999
0.06457,0.11907945999999998
0.06458,0.11908453999999999
0.06459000000000001,0.12021226
0.0646,0.12029214000000002
0.06461,0.12206812
0.06462000000000001,0.12216748
0.06463,0.12410237999999998
0.06464,0.1242084
0.06465,0.12612652
0.06466000000000001,0.12623199999999998
0.06467,0.12793746
0.06468,0.12789931999999998
0.06469000000000001,0.12823774000000002
0.06470000000000001,0.12823186
0.06471,0.12698614000000003
0.06472,0.12681026
0.06473000000000001,0.12485494
0.06474,0.124736
0.06475,0.12298065999999999
0.06476000000000001,0.12290704
0.06477000000000001,0.12135932
0.06478,0.12125106000000001
0.06479,0.11991894
0.06480000000000001,0.11987308
0.06481,0.11910000000000001
0.06482,0.11907014
0.06483,0.119458
0.06484000000000001,0.11956320000000001
0.06485,0.12110146
0.06486,0.12119358
0.06487000000000001,0.1230904
0.06488000000000001,0.12317308
0.06489,0.12513974
0.0649,0.1252336
0.06491000000000001,0.12713654000000002
0.06492,0.12724636
0.06493,0.12827812
0.06494000000000001,0.12834106
0.06495000000000001,0.12782185999999998
0.06496,0.1277388
0.06497,0.12587894
0.06498000000000001,0.12577612
0.06499,0.12392465999999999
0.065,0.12382200000000002
0.06501000000000001,0.12215480000000001
0.06502000000000001,0.12206678
0.06503,0.12059334
0.06504,0.12052134
0.06505000000000001,0.1194184
0.06506,0.11939040000000001
0.06507,0.1191004
0.06508,0.11910119999999999
0.06509000000000001,0.12022241999999998
0.0651,0.12030547999999999
0.06511,0.12210011999999999
0.06512000000000001,0.12217948000000001
0.06513000000000001,0.12413398
0.06514,0.12423442
0.06515,0.12615654
0.06516000000000001,0.12628042
0.06517,0.12795252000000001
0.06518,0.12793228
0.06519000000000001,0.12825932
0.06520000000000001,0.1282396
0.06521,0.12700398
0.06522,0.12681705999999998
0.06523000000000001,0.12488049999999999
0.06524,0.12478774
0.06525,0.1230045
0.06526,0.12292454
0.06527000000000001,0.12136174
0.06528,0.12127826
0.06529,0.11991746
0.06530000000000001,0.1198792
0.06531,0.11910640000000002
0.06532,0.11909734000000001
0.06533,0.1194728
0.06534000000000001,0.11957426
0.06535,0.12112720000000002
0.06536,0.12121624
0.06537000000000001,0.12309333999999998
0.06538000000000001,0.12320212
0.06539,0.12514508
0.0654,0.12523157999999998
0.06541000000000001,0.12714238
0.06542,0.12727908000000002
0.06543,0.12826896000000002
0.06544000000000001,0.12833960000000003
0.06545000000000001,0.12782092
0.06546,0.1277252
0.06547,0.12586798
0.06548000000000001,0.12577852
0.06549,0.12387359999999999
0.0655,0.12379708
0.06551,0.12213988
0.06552000000000001,0.12205268
0.06553,0.12058708
0.06554,0.12052480000000002
0.06555000000000001,0.11941919999999999
0.06556000000000001,0.11938238000000001
0.06557,0.11910733999999998
0.06558,0.11909908
0.06559000000000001,0.12024146
0.0656,0.12030959999999999
0.06561,0.12208828000000001
0.06562000000000001,0.12216894
0.06563000000000001,0.12409814
0.06564,0.12418814
0.06565,0.12615614
0.06566000000000001,0.12623252
0.06567,0.12792786
0.06568,0.12790772
0.06569000000000001,0.12823306
0.06570000000000001,0.12822225999999998
0.06571,0.12697466
0.06572,0.12679094000000002
0.06573000000000001,0.12484306
0.06574,0.12474268
0.06575,0.12297536
0.06576,0.12288428000000003
0.06577000000000001,0.12132947999999999
0.06578,0.12126226
0.06579,0.11990920000000001
0.06580000000000001,0.11984454
0.06581000000000001,0.11909504
0.06582,0.11908254
0.06583,0.11945136
0.06584000000000001,0.11955494
0.06585,0.12109894000000002
0.06586,0.12120096
0.06587000000000001,0.12306974000000001
0.06588000000000001,0.1231768
0.06589,0.1251208
0.0659,0.12520908
0.06591000000000001,0.12713826
0.06592,0.12725652
0.06593,0.1282489
0.06594,0.1283176
0.06595000000000001,0.12779785999999999
0.06596,0.12771413999999998
0.06597,0.12585466
0.06598000000000001,0.12575908
0.06599000000000001,0.12388066
0.066,0.12378200000000002
0.06601,0.12210762
0.06602000000000001,0.12203986
0.06603,0.12057802
0.06604,0.12050988
0.06605000000000001,0.11938292000000002
0.06606000000000001,0.11937508000000001
0.06607,0.11907466
0.06608,0.1190868
0.06609000000000001,0.12021374
0.0661,0.12029692
0.06611,0.12207025999999999
0.06612000000000001,0.12217799999999998
0.06613000000000001,0.12409585999999999
0.06614,0.12420588000000002
0.06615,0.12612348
0.06616000000000001,0.12622544000000002
0.06617,0.12792212
0.06618,0.12789986
0.06619,0.12821026
0.06620000000000001,0.12821159999999998
0.06621,0.12695722000000004
0.06622,0.12677719999999998
0.06623000000000001,0.12483026
0.06624000000000001,0.12471239999999999
0.06625,0.12295066000000002
0.06626,0.12288199999999998
0.06627000000000001,0.12130226
0.06628,0.12122158000000001
0.06629,0.11988454
0.06630000000000001,0.11982786000000001
0.06631000000000001,0.11906760000000001
0.06632,0.11905345999999999
0.06633,0.11941708000000002
0.06634000000000001,0.11952936
0.06635,0.1210944
0.06636,0.12118588
0.06637000000000001,0.12307399999999999
0.06638000000000001,0.12315972
0.06639,0.125118
0.0664,0.12520212000000003
0.06641000000000001,0.12710052
0.06642,0.1272392
0.06643,0.12824812000000002
0.06644,0.12830466000000001
0.06645000000000001,0.1277636
0.06646,0.12767946
0.06647,0.1258184
0.06648000000000001,0.12571984
0.06649000000000001,0.12384626000000001
0.0665,0.12374652
0.06651,0.1220976
0.06652000000000001,0.12202174000000002
0.06653,0.12054722
0.06654,0.12047626
0.06655000000000001,0.11936574
0.06656000000000001,0.11934548
0.06657,0.11905562
0.06658,0.11907319999999999
0.06659000000000001,0.12019598000000001
0.0666,0.12027760000000001
0.06661,0.12205214
0.06662,0.12214092000000001
0.06663000000000001,0.12407078
0.06664,0.12417678000000001
0.06665,0.1261128
0.06666000000000001,0.12621000000000002
0.06667000000000001,0.1279032
0.06668,0.12788426
0.06669,0.12819146
0.06670000000000001,0.1281832
0.06671,0.12693466
0.06672,0.12673962
0.06673000000000001,0.12479028
0.06674000000000001,0.12469082000000001
0.06675,0.12292664
0.06676,0.12283214
0.06677000000000001,0.12128718000000001
0.06678,0.12121185999999999
0.06679,0.11986294
0.06680000000000001,0.11981894
0.06681000000000001,0.1190512
0.06682,0.11903079999999999
0.06683,0.11941625999999998
0.06684000000000001,0.11952318000000002
0.06685,0.12107466
0.06686,0.12117814
0.06687,0.12304346
0.06688000000000001,0.12315133999999998
0.06689,0.12508
0.0669,0.12520134
0.06691000000000001,0.12710132000000002
0.06692000000000001,0.1272156
0.06693,0.1282252
0.06694,0.12826132
0.06695000000000001,0.12774776000000002
0.06696,0.12766052
0.06697,0.12580212
0.06698000000000001,0.125698
0.06699000000000001,0.12384012
0.067,0.1237428
0.06701,0.12207362
0.06702000000000001,0.12200746
0.06703,0.1205476
0.06704,0.12045786
0.06705000000000001,0.11935399999999999
0.06706000000000001,0.11933256
0.06707,0.119058
0.06708,0.11904946000000001
0.06709000000000001,0.12020188000000001
0.0671,0.12027708
0.06711,0.12204682
0.06712,0.12216545999999999
0.06713000000000001,0.1240888
0.06714,0.12419
0.06715,0.12611827999999997
0.06716000000000001,0.12622906
0.06717000000000001,0.12789666000000002
0.06718,0.12789094
0.06719,0.12821944000000002
0.06720000000000001,0.12819866
0.06721,0.12693414
0.06722,0.12675562
0.06723000000000001,0.12481254000000001
0.06724000000000001,0.12470080000000001
0.06725,0.12293547999999999
0.06726,0.12284614
0.06727000000000001,0.12129680000000001
0.06728,0.12120773999999998
0.06729,0.11987626
0.0673,0.11981866000000001
0.06731000000000001,0.1190569
0.06732,0.11903949999999999
0.06733,0.11942932000000002
0.06734000000000001,0.11954362
0.06735000000000001,0.12110038000000001
0.06736,0.12118786
0.06737,0.12307117999999999
0.06738000000000001,0.12315879999999998
0.06739,0.12511038000000002
0.0674,0.12521148
0.06741000000000001,0.12710680000000002
0.06742000000000001,0.12723639999999997
0.06743,0.12823346
0.06744,0.12829318
0.06745000000000001,0.12774254000000002
0.06746,0.12765482
0.06747,0.12580984
0.06748000000000001,0.12569999999999998
0.06749000000000001,0.12382838
0.0675,0.12373117999999998
0.06751,0.12209798000000001
0.06752000000000001,0.12199906
0.06753,0.12052146
0.06754,0.12047227999999999
0.06755,0.11937067999999999
0.06756000000000001,0.1193416
0.06757,0.11907399999999999
0.06758,0.11908091999999999
0.06759000000000001,0.12020558
0.06760000000000001,0.12029388
0.06761,0.12205706000000001
0.06762,0.12214120000000002
0.06763000000000001,0.1240848
0.06764,0.12417879999999999
0.06765,0.12609453999999998
0.06766000000000001,0.12620506000000004
0.06767000000000001,0.12789652
0.06768,0.12786722
0.06769,0.12817588000000002
0.06770000000000001,0.1281661
0.06771,0.12691439999999998
0.06772,0.12673174
0.06773000000000001,0.1247712
0.06774000000000001,0.12467945999999999
0.06775,0.12292640000000002
0.06776,0.12282359999999999
0.06777000000000001,0.1212712
0.06778,0.12119386000000001
0.06779,0.11987133999999999
0.0678,0.11981052
0.06781000000000001,0.11904202000000001
0.06782,0.11902425999999999
0.06783,0.1194148
0.06784000000000001,0.11953331999999998
0.06785000000000001,0.12109999999999999
0.06786,0.12117199999999999
0.06787,0.12303919999999999
0.06788000000000001,0.12314251999999999
0.06789,0.12507358
0.0679,0.12518854
0.06791000000000001,0.12707118
0.06792000000000001,0.12721264
0.06793,0.12820638
0.06794,0.12827771999999998
0.06795000000000001,0.12773602
0.06796,0.1276124
0.06797,0.12578266
0.06798,0.12566771999999998
0.06799000000000001,0.12381452
0.068,0.12370611999999999
0.06801,0.12203667999999998
0.06802000000000001,0.1219652
0.06803000000000001,0.12051959999999999
0.06804,0.12044108
0.06805,0.11934358
0.06806000000000001,0.11932306
0.06807,0.11905505999999999
0.06808,0.11905494000000001
0.06809000000000001,0.12019600000000001
0.06810000000000001,0.1202772
0.06811,0.12203134
0.06812,0.12212719999999999
0.06813000000000001,0.12406974
0.06814,0.12416332000000001
0.06815,0.12609505999999998
0.06816000000000001,0.12619264000000002
0.06817000000000001,0.12787959999999998
0.06818,0.12784508
0.06819,0.12816038000000002
0.06820000000000001,0.12826238
0.06821,0.12681972
0.06822,0.12672454
0.06823,0.12475958000000001
0.06824000000000001,0.12465920000000001
0.06825,0.12290584
0.06826,0.12281454
0.06827000000000001,0.12125428
0.06828000000000001,0.12118066000000001
0.06829,0.11984253999999998
0.0683,0.11978932
0.06831000000000001,0.11902237999999998
0.06832,0.11899931999999999
0.06833,0.11940437999999998
0.06834000000000001,0.11951787999999999
0.06835000000000001,0.12108894
0.06836,0.12117093999999999
0.06837,0.12303199999999999
0.06838000000000001,0.12312998000000001
0.06839,0.12507574
0.0684,0.12517118
0.06841000000000001,0.1270724
0.06842000000000001,0.12719826
0.06843,0.12819362
0.06844,0.1282508
0.06845000000000001,0.12769840000000002
0.06846000000000001,0.1276136
0.06847,0.12576839999999997
0.06848,0.12566094
0.06849000000000001,0.12378106
0.0685,0.1236896
0.06851,0.1220284
0.06852000000000001,0.12195334
0.06853000000000001,0.12049694
0.06854,0.12041586
0.06855,0.11930480000000002
0.06856000000000001,0.11930068
0.06857,0.11902413999999999
0.06858,0.11903665999999999
0.06859000000000001,0.1201652
0.06860000000000001,0.12024826000000002
0.06861,0.12202038
0.06862,0.12210826
0.06863000000000001,0.12403748
0.06864,0.12413372
0.06865,0.12605748
0.06866,0.12616066
0.06867000000000001,0.12784972
0.06868,0.12783106000000002
0.06869,0.12813664
0.06870000000000001,0.12812717999999998
0.06871000000000001,0.12687318
0.06872,0.1266756
0.06873,0.1247528
0.06874000000000001,0.12462569999999999
0.06875,0.12288306
0.06876,0.12280014000000002
0.06877000000000001,0.12123882
0.06878000000000001,0.12116254
0.06879,0.119808
0.0688,0.11976693999999999
0.06881000000000001,0.11900574000000001
0.06882,0.1189956
0.06883,0.11936826
0.06884000000000001,0.11948558000000001
0.06885000000000001,0.12103906
0.06886,0.12114506
0.06887,0.12300534
0.06888000000000001,0.12309374
0.06889,0.12504802
0.0689,0.12516080000000002
0.06891,0.12705908
0.06892000000000001,0.12716732
0.06893,0.12816972
0.06894,0.12825546000000002
0.06895000000000001,0.12769362
0.06896000000000001,0.12758478
0.06897,0.12573854
0.06898,0.12562974
0.06899000000000001,0.12376988
0.069,0.12367294
0.06901,0.12201773999999999
0.06902000000000001,0.12193837999999999
0.06903000000000001,0.12048706
0.06904,0.12040345999999999
0.06905,0.11928306
0.06906000000000001,0.11927402000000001
0.06907,0.11900708
0.06908,0.11900811999999998
0.06909000000000001,0.12013544000000001
0.06910000000000001,0.12024400000000002
0.06911,0.12199827999999999
0.06912,0.12208774
0.06913000000000001,0.12401372
0.06914000000000001,0.12411692
0.06915,0.12604761999999997
0.06916,0.12615479999999998
0.06917000000000001,0.1278356
0.06918,0.12781453999999998
0.06919,0.12813518
0.06920000000000001,0.12821480000000002
0.06921000000000001,0.12678068
0.06922,0.12667388
0.06923,0.12472214000000001
0.06924000000000001,0.12462198
0.06925,0.12286442
0.06926,0.12278134
0.06927000000000001,0.12121704
0.06928000000000001,0.12114678000000001
0.06929,0.11981614
0.0693,0.11976679999999999
0.06931000000000001,0.11899266
0.06932,0.11899465999999999
0.06933,0.1193836
0.06934,0.11947585999999999
0.06935000000000001,0.12103774
0.06936,0.12114066000000001
0.06937,0.12300106
0.06938000000000001,0.12309626
0.06939000000000001,0.12502546
0.0694,0.12514868
0.06941,0.12705212000000002
0.06942000000000001,0.12717478000000002
0.06943,0.12818091999999998
0.06944,0.12825026
0.06945000000000001,0.12771158
0.06946000000000001,0.12760423999999998
0.06947,0.12576347999999998
0.06948,0.12564414
0.06949000000000001,0.12379106
0.0695,0.123682
0.06951,0.12202680000000002
0.06952000000000001,0.12194002000000001
0.06953000000000001,0.120496
0.06954,0.12042386000000001
0.06955,0.11931320000000001
0.06956000000000001,0.11928385999999999
0.06957,0.11902172000000003
0.06958,0.11902186
0.06959,0.12017106
0.06960000000000001,0.12025933999999998
0.06961,0.12201387999999999
0.06962,0.12210374000000002
0.06963000000000001,0.12405454
0.06964000000000001,0.124148
0.06965,0.12607574
0.06966,0.12617546
0.06967000000000001,0.12786214
0.06968,0.12784920000000002
0.06969,0.12816104
0.06970000000000001,0.12823358
0.06971000000000001,0.12679706000000002
0.06972,0.12670611999999998
0.06973,0.12475414
0.06974000000000001,0.12466026
0.06975,0.12289454
0.06976,0.12282052000000002
0.06977000000000001,0.12122717999999999
0.06978000000000001,0.12116268
0.06979,0.11983627999999999
0.0698,0.11975668000000002
0.06981000000000001,0.11901455999999999
0.06982000000000001,0.11899466
0.06983,0.11939532
0.06984,0.11950416000000001
0.06985000000000001,0.12107388
0.06986,0.12116343999999998
0.06987,0.12301774000000001
0.06988000000000001,0.12313159999999998
0.06989000000000001,0.12507332
0.0699,0.12518026
0.06991,0.127086
0.06992000000000001,0.1271992
0.06993,0.12819384
0.06994,0.12826492
0.06995000000000001,0.127724
0.06996000000000001,0.12764266000000002
0.06997,0.12577028
0.06998,0.12567228
0.06999000000000001,0.12379880000000001
0.07,0.12339134
0.07001,0.1217412
0.07002,0.12168482
0.07003000000000001,0.1202264
0.07004,0.12014559999999999
0.07005,0.11906892
0.07006000000000001,0.11905668
0.07007000000000001,0.11882253999999999
0.07008,0.11886668
0.07009,0.12009894000000002
0.07010000000000001,0.1201864
0.07011,0.12198454
0.07012,0.12208707999999999
0.07013000000000001,0.12401294
0.07014000000000001,0.12411400000000002
0.07015,0.12604398
0.07016,0.12614348
0.07017000000000001,0.12781026
0.07018,0.12774317999999998
0.07019,0.12802054000000002
0.07020000000000001,0.12804214
0.07021000000000001,0.12652066
0.07022,0.12641384
0.07023,0.1244548
0.07024000000000001,0.12436907999999999
0.07025,0.12260414
0.07026,0.12251719999999999
0.07027,0.12097468
0.07028000000000001,0.12089306
0.07029,0.11957522000000001
0.0703,0.11948571999999999
0.07031000000000001,0.11880776
0.07032000000000001,0.1187592
0.07033,0.11923054
0.07034,0.11940345999999999
0.07035000000000001,0.12101935999999999
0.07036,0.12110837999999999
0.07037,0.12300294
0.07038000000000001,0.12309479999999999
0.07039000000000001,0.12503786
0.0704,0.12513816000000003
0.07041,0.12704732000000002
0.07042000000000001,0.12725078
0.07043,0.12800494
0.07044,0.12812520000000002
0.07045000000000001,0.12758532
0.07046000000000001,0.1274296
0.07047,0.12546291999999998
0.07048,0.12536242
0.07049000000000001,0.12349976
0.07050000000000001,0.12341774000000001
0.07051,0.12177120000000001
0.07052,0.12168358000000001
0.07053000000000001,0.12024788
0.07054,0.12016304
0.07055,0.11907825999999999
0.07056000000000001,0.11908571999999999
0.07057000000000001,0.11884934
0.07058,0.11887837999999999
0.07059,0.12010802000000001
0.07060000000000001,0.12019856
0.07061,0.12199428000000001
0.07062,0.12206104
0.07063000000000001,0.12401948
0.07064000000000001,0.12413013999999997
0.07065,0.12605627999999997
0.07066,0.12616108
0.07067000000000001,0.12780679999999997
0.07068,0.12777572
0.07069,0.12804730000000003
0.0707,0.12805132000000002
0.07071000000000001,0.12652522
0.07072,0.12641868
0.07073,0.12445851999999999
0.07074000000000001,0.12437426
0.07075000000000001,0.12261412000000001
0.07076,0.12252602000000001
0.07077,0.12096388
0.07078000000000001,0.12090828
0.07079,0.11956867999999998
0.0708,0.11948562
0.07081000000000001,0.1188148
0.07082000000000001,0.11877188000000001
0.07083,0.1192156
0.07084,0.1193988
0.07085000000000001,0.12100625999999999
0.07086,0.12109547999999999
0.07087,0.12298919999999999
0.07088000000000001,0.123102
0.07089000000000001,0.12503828
0.0709,0.12514572
0.07091,0.12703946
0.07092000000000001,0.12726144
0.07093,0.12800332
0.07094,0.12811905999999998
0.07095,0.12757906000000002
0.07096000000000001,0.12743306000000001
0.07097,0.12547106000000002
0.07098,0.1253604
0.07099000000000001,0.12352132
0.07100000000000001,0.1234156
0.07101,0.12176651999999999
0.07102,0.1216836
0.07103000000000001,0.12023548000000002
0.07104,0.12014802
0.07105,0.1190672
0.07106000000000001,0.11907947999999999
0.07107000000000001,0.11884882000000001
0.07108,0.11885854
0.07109,0.12009213999999999
0.07110000000000001,0.12017734
0.07111,0.12196694
0.07112,0.12206214000000001
0.07113000000000001,0.12400161999999999
0.07114000000000001,0.12409677999999999
0.07115,0.12603186000000002
0.07116,0.12614399999999998
0.07117000000000001,0.12779148
0.07118000000000001,0.1277352
0.07119,0.12800278
0.0712,0.12801562
0.07121000000000001,0.12650308
0.07122,0.12640013999999997
0.07123,0.12443652000000001
0.07124000000000001,0.1243384
0.07125000000000001,0.12259305999999999
0.07126,0.12251893999999999
0.07127,0.12093932
0.07128000000000001,0.12087518000000001
0.07129,0.11954548000000001
0.0713,0.11946908
0.07131000000000001,0.1187968
0.07132000000000001,0.11875161999999999
0.07133,0.11920814000000002
0.07134,0.11936292
0.07135000000000001,0.12096666
0.07136,0.12107559999999999
0.07137,0.12293652000000002
0.07138,0.12305108000000001
0.07139000000000001,0.12498814
0.0714,0.12509598
0.07141,0.12697988
0.07142000000000001,0.12720347999999998
0.07143000000000001,0.12795280000000003
0.07144,0.12797468
0.07145,0.12761642
0.07146000000000001,0.12737294
0.07147,0.12541826
0.07148,0.12530893999999998
0.07149000000000001,0.12346092
0.07150000000000001,0.12334242
0.07151,0.12172068
0.07152,0.1216264
0.07153000000000001,0.12017226
0.07154,0.12010773999999999
0.07155,0.11901986
0.07156000000000001,0.11900828
0.07157000000000001,0.11878332
0.07158,0.11882600000000001
0.07159,0.12002172
0.07160000000000001,0.12011424
0.07161000000000001,0.1219216
0.07162,0.12201226000000001
0.07163,0.12394720000000001
0.07164000000000001,0.1240485
0.07165,0.12599026
0.07166,0.12609254
0.07167000000000001,0.1277492
0.07168000000000001,0.12768442
0.07169,0.12796813999999998
0.0717,0.12798144
0.07171000000000001,0.12645868
0.07172,0.12636372
0.07173,0.12440254000000002
0.07174000000000001,0.12430934
0.07175000000000001,0.12255106
0.07176,0.12246931999999999
0.07177,0.12093011999999999
0.07178000000000001,0.1208512
0.07179,0.11952867999999998
0.0718,0.11942762
0.07181000000000001,0.11875640000000001
0.07182000000000001,0.1187092
0.07183,0.11916051999999999
0.07184,0.11933827999999999
0.07185000000000001,0.12093068
0.07186000000000001,0.12101266
0.07187,0.12293119999999999
0.07188,0.12302412
0.07189000000000001,0.12497024000000001
0.0719,0.12507400000000002
0.07191,0.12697186
0.07192000000000001,0.12719
0.07193000000000001,0.1279307
0.07194,0.12798318000000003
0.07195,0.1276168
0.07196000000000001,0.12735708
0.07197,0.12542424000000002
0.07198,0.12531332
0.07199000000000001,0.12345626000000001
0.07200000000000001,0.12337453999999999
0.07201,0.12170320000000001
0.07202,0.12163026000000002
0.07203000000000001,0.12016134
0.07204,0.12010331999999999
0.07205,0.11902238000000001
0.07206,0.11902520000000001
0.07207000000000001,0.11878786000000001
0.07208,0.11882096
0.07209,0.12003040000000001
0.07210000000000001,0.12011159999999999
0.07211000000000001,0.1218984
0.07212,0.12201014000000002
0.07213,0.1239468
0.07214000000000001,0.1240412
0.07215,0.12595906
0.07216,0.12608228
0.07217000000000001,0.12774132
0.07218000000000001,0.12768492
0.07219,0.12795772
0.0722,0.12796946
0.07221000000000001,0.12646096
0.07222,0.12636146
0.07223,0.12439948
0.07224000000000001,0.12430838
0.07225000000000001,0.12254678
0.07226,0.122478
0.07227,0.12092304000000001
0.07228000000000001,0.12084760000000001
0.07229000000000001,0.1195072
0.0723,0.11946708000000002
0.07231,0.11871454
0.07232000000000001,0.1187
0.07233,0.11917814
0.07234,0.11933468
0.07235000000000001,0.12092838000000002
0.07236000000000001,0.12102696000000002
0.07237,0.12292294
0.07238,0.12302624
0.07239000000000001,0.1249803
0.0724,0.1250844
0.07241,0.12696880000000002
0.07242000000000001,0.12718346
0.07243000000000001,0.12795948
0.07244,0.12797518000000002
0.07245,0.12761826
0.07246000000000001,0.12738012
0.07247,0.12541948
0.07248,0.12531372000000002
0.07249000000000001,0.1234636
0.07250000000000001,0.12337959999999999
0.07251,0.12171854
0.07252,0.12163026000000002
0.07253000000000001,0.12018588
0.07254000000000001,0.12013120000000002
0.07255,0.11903386
0.07256,0.11903825999999999
0.07257000000000001,0.11879612000000002
0.07258,0.11881386000000001
0.07259,0.12005826
0.07260000000000001,0.12013414
0.07261000000000001,0.121942
0.07262,0.12202346
0.07263,0.1239752
0.07264000000000001,0.12406426000000001
0.07265,0.12602802
0.07266,0.12611722000000003
0.07267000000000001,0.12779569999999998
0.07268000000000001,0.1277396
0.07269,0.12803494
0.0727,0.12803119999999998
0.07271000000000001,0.12651452000000002
0.07272,0.12639932
0.07273,0.12444197999999998
0.07274,0.12435544000000001
0.07275000000000001,0.12259388
0.07276,0.12251132
0.07277,0.12095879999999999
0.07278000000000001,0.12088586000000001
0.07279000000000001,0.11955439999999999
0.0728,0.11947162
0.07281,0.11878414
0.07282000000000001,0.1187532
0.07283,0.1192064
0.07284,0.11936385999999999
0.07285000000000001,0.12098679999999999
0.07286000000000001,0.12107226
0.07287,0.12297026
0.07288,0.12308026000000001
0.07289000000000001,0.12503214
0.0729,0.12512038000000003
0.07291,0.12703402
0.07292000000000001,0.12725106000000003
0.07293000000000001,0.12799214
0.07294,0.12802291999999998
0.07295,0.12767626
0.07296000000000001,0.12743759999999998
0.07297000000000001,0.12549318
0.07298,0.12538426
0.07299,0.1235336
0.07300000000000001,0.12343652000000001
0.07301,0.12176798
0.07302,0.12168826000000002
0.07303000000000001,0.12023893999999999
0.07304000000000001,0.1201672
0.07305,0.11907254
0.07306,0.11907226
0.07307000000000001,0.11883360000000001
0.07308,0.1188652
0.07309,0.1200992
0.07310000000000001,0.12018226000000001
0.07311000000000001,0.12197441999999999
0.07312,0.12208079999999999
0.07313,0.1240156
0.07314000000000001,0.12413384000000001
0.07315,0.12606173999999998
0.07316,0.12618652000000002
0.07317000000000001,0.12782694
0.07318000000000001,0.12778772
0.07319,0.12805640000000001
0.0732,0.12807907999999998
0.07321000000000001,0.12656598
0.07322000000000001,0.12645718
0.07323,0.12449774
0.07324,0.12440493999999999
0.07325000000000001,0.12262532000000001
0.07326,0.12254454
0.07327,0.12098119999999998
0.07328000000000001,0.12092334
0.07329000000000001,0.11958637999999999
0.0733,0.1195051
0.07331,0.11883346000000002
0.07332000000000001,0.11878427999999999
0.07333,0.11924106000000001
0.07334,0.11939614000000001
0.07335000000000001,0.12101105999999999
0.07336000000000001,0.12110639999999999
0.07337,0.12300598
0.07338,0.12310855999999999
0.07339000000000001,0.12506
0.0734,0.12517532
0.07341,0.12706186000000003
0.07342,0.12728024
0.07343000000000001,0.12802986
0.07344,0.12806121999999998
0.07345,0.12771226
0.07346000000000001,0.1274684
0.07347000000000001,0.12551772
0.07348,0.12540985999999998
0.07349,0.12356959999999999
0.07350000000000001,0.12345666
0.07351,0.1217956
0.07352,0.12170999999999998
0.07353000000000001,0.12025508
0.07354000000000001,0.12019252
0.07355,0.11908972
0.07356,0.11909774
0.07357000000000001,0.11886294
0.07358,0.11888293999999999
0.07359,0.12010574
0.07360000000000001,0.12019814
0.07361000000000001,0.12200028
0.07362,0.12210183999999999
0.07363,0.1240448
0.07364000000000001,0.12415296
0.07365000000000001,0.12608266
0.07366,0.1261944
0.07367,0.12784586
0.07368000000000001,0.12780186
0.07369,0.1280932
0.0737,0.12809466
0.07371000000000001,0.12659120000000001
0.07372000000000001,0.12647466000000002
0.07373,0.12450680000000003
0.07374,0.1244032
0.07375000000000001,0.12263492000000001
0.07376,0.12255160000000001
0.07377,0.12099348000000001
0.07378000000000001,0.12092264000000001
0.07379000000000001,0.11957372
0.0738,0.11949731999999999
0.07381,0.11881519999999998
0.07382000000000001,0.11876602
0.07383,0.11924173999999998
0.07384,0.11938839999999999
0.07385000000000001,0.12100854000000001
0.07386000000000001,0.12109828
0.07387,0.12301052000000001
0.07388,0.12311614
0.07389000000000001,0.12507024000000003
0.07390000000000001,0.12516292
0.07391,0.12707546
0.07392,0.1272912
0.07393000000000001,0.12803948
0.07394,0.1280628
0.07395,0.12770254
0.07396000000000001,0.12744718000000002
0.07397000000000001,0.1255085
0.07398,0.12540574000000002
0.07399,0.12353292
0.07400000000000001,0.12343144000000002
0.07401,0.12178454000000001
0.07402,0.12169346
0.07403000000000001,0.12024094
0.07404000000000001,0.12015066
0.07405,0.11907026000000001
0.07406,0.11906522
0.07407000000000001,0.11882468000000002
0.07408000000000001,0.11886146
0.07409,0.120098
0.0741,0.12017397999999999
0.07411000000000001,0.12198265999999999
0.07412,0.12206186000000001
0.07413,0.1240201
0.07414000000000001,0.12411679999999999
0.07415000000000001,0.1260628
0.07416,0.12617762000000002
0.07417,0.127832
0.07418000000000001,0.12777065999999998
0.07419,0.12804146
0.0742,0.12805106
0.07421000000000001,0.12653824
0.07422000000000001,0.126436
0.07423,0.12447560000000002
0.07424,0.12437373999999998
0.07425000000000001,0.12260266
0.07426,0.12253694
0.07427,0.1209744
0.07428000000000001,0.12089854
0.07429000000000001,0.11955200000000002
0.0743,0.11946160000000001
0.07431,0.11879078000000001
0.07432000000000001,0.1187484
0.07433000000000001,0.11920984000000001
0.07434,0.11935720000000001
0.07435,0.12099134
0.07436000000000001,0.12107694
0.07437,0.12298693999999999
0.07438,0.12308494
0.07439000000000001,0.1250412
0.07440000000000001,0.12513558
0.07441,0.1270468
0.07442,0.12726292
0.07443000000000001,0.12799372
0.07444,0.12802412
0.07445,0.12767386000000003
0.07446000000000001,0.12743068000000002
0.07447000000000001,0.12547972000000002
0.07448,0.12536560000000002
0.07449,0.12352026
0.07450000000000001,0.1234116
0.07451,0.12175412
0.07452,0.12169162
0.07453000000000001,0.12021854000000001
0.07454000000000001,0.12012800000000001
0.07455,0.1190512
0.07456,0.11904171999999999
0.07457000000000001,0.11882334000000001
0.07458000000000001,0.11883786
0.07459,0.12010826
0.0746,0.12017411999999998
0.07461000000000001,0.12197640000000001
0.07462,0.12207973999999999
0.07463,0.12404384000000002
0.07464000000000001,0.12415399999999999
0.07465000000000001,0.12608494
0.07466,0.12616639999999998
0.07467,0.12782774000000002
0.07468000000000001,0.12779934
0.07469,0.12806588000000002
0.0747,0.12808828
0.07471000000000001,0.12654720000000003
0.07472000000000001,0.12645546
0.07473,0.12449240000000002
0.07474,0.12439054000000001
0.07475000000000001,0.1226208
0.07476000000000001,0.12255706
0.07477,0.12099040000000001
0.07478,0.12089894000000001
0.07479000000000001,0.11957828000000001
0.0748,0.11948133999999999
0.07481,0.1188176
0.07482000000000001,0.11876344000000001
0.07483000000000001,0.11924251999999999
0.07484,0.11941254000000001
0.07485,0.12102534000000001
0.07486000000000001,0.12112986
0.07487,0.12304386
0.07488,0.12313918000000001
0.07489000000000001,0.12510117999999998
0.07490000000000001,0.12519572
0.07491,0.127102
0.07492,0.12720934
0.07493000000000001,0.12816158000000002
0.07494,0.12809825999999996
0.07495,0.12774012
0.07496000000000001,0.12750840000000002
0.07497000000000001,0.12553426
0.07498,0.12542838
0.07499,0.12357532
0.07500000000000001,0.12347759999999999
0.07501000000000001,0.1218224
0.07502,0.12173268
0.07503,0.12027413999999999
0.07504000000000001,0.1201972
0.07505,0.11911772000000001
0.07506,0.11910667999999999
0.07507000000000001,0.11888893999999998
0.07508000000000001,0.11890040000000002
0.07509,0.12014053999999999
0.0751,0.12022454
0.07511000000000001,0.12204508
0.07512,0.12213988
0.07513,0.12408744000000001
0.07514000000000001,0.12420334
0.07515000000000001,0.12613894
0.07516,0.12625786
0.07517,0.12788758
0.07518000000000001,0.12783412
0.07519,0.12813534
0.0752,0.12812585999999998
0.07521000000000001,0.12660998
0.07522000000000001,0.12650598
0.07523,0.12454306
0.07524,0.12445879999999998
0.07525000000000001,0.12268026000000001
0.07526000000000001,0.12260001999999999
0.07527,0.12103958000000001
0.07528,0.12096358
0.07529000000000001,0.11962197999999999
0.0753,0.11954748000000001
0.07531,0.11886092
0.07532000000000001,0.11881974
0.07533000000000001,0.11929039999999999
0.07534,0.11946665999999999
0.07535,0.12108548
0.07536000000000001,0.12119214
0.07537,0.12309906000000001
0.07538,0.12319187999999999
0.07539000000000001,0.12513649999999998
0.07540000000000001,0.125234
0.07541,0.12715024
0.07542,0.12735558
0.07543000000000001,0.12810148000000002
0.07544000000000001,0.12814998000000002
0.07545,0.12777345999999998
0.07546,0.12752186
0.07547000000000001,0.125574
0.07548,0.12546666
0.07549,0.12359054
0.07550000000000001,0.12350505999999999
0.07551000000000001,0.12186134
0.07552,0.12177346
0.07553,0.12030732
0.07554000000000001,0.12025386
0.07555,0.11914930000000001
0.07556,0.11915158
0.07557000000000001,0.11892465999999999
0.07558000000000001,0.11894974
0.07559,0.12019265999999999
0.0756,0.12027842
0.07561000000000001,0.12208623999999998
0.07562,0.12218641999999999
0.07563,0.12413668
0.07564000000000001,0.12422106
0.07565000000000001,0.12617319999999999
0.07566,0.1262856
0.07567,0.127936
0.07568000000000001,0.12788919999999998
0.07569000000000001,0.12815987999999998
0.0757,0.128168
0.07571,0.12664508
0.07572000000000001,0.12653892
0.07573,0.12457106
0.07574,0.12447346000000001
0.07575000000000001,0.12272851999999998
0.07576000000000001,0.12262743999999999
0.07577,0.12106080000000001
0.07578,0.12100400000000003
0.07579000000000001,0.11965171999999999
0.0758,0.11955468
0.07581,0.11888866000000001
0.07582000000000001,0.11884294
0.07583000000000001,0.11931985999999999
0.07584,0.11948505999999999
0.07585,0.12110041999999999
0.07586000000000001,0.12121227999999999
0.07587,0.12310386
0.07588,0.12320758000000001
0.07589000000000001,0.12517002
0.07590000000000001,0.12526172
0.07591,0.12717134
0.07592,0.12739014
0.07593000000000001,0.12812772
0.07594000000000001,0.1281536
0.07595,0.12778612
0.07596,0.12753399999999998
0.07597000000000001,0.12558918000000002
0.07598,0.12547374000000003
0.07599,0.12361171999999998
0.07600000000000001,0.12350198000000001
0.07601000000000001,0.12185306
0.07602,0.12177103999999998
0.07603,0.12031386000000002
0.07604000000000001,0.12023706
0.07605,0.11914748
0.07606,0.11915068
0.07607000000000001,0.11890799999999999
0.07608000000000001,0.11895333999999999
0.07609,0.1201684
0.0761,0.12025998
0.07611000000000001,0.12207212
0.07612000000000001,0.12218705999999999
0.07613,0.12412187999999999
0.07614,0.12422039999999998
0.07615000000000001,0.12615892
0.07616,0.12624706
0.07617,0.12790187999999997
0.07618000000000001,0.12786054
0.07619000000000001,0.12814012
0.0762,0.128126
0.07621,0.12660984000000003
0.07622000000000001,0.12651291999999997
0.07623,0.1245336
0.07624,0.12442519999999999
0.07625000000000001,0.12268158
0.07626000000000001,0.12260453999999998
0.07627,0.12101254000000002
0.07628,0.1209604
0.07629000000000001,0.11961039999999998
0.0763,0.11957306000000001
0.07631,0.1188124
0.07632000000000001,0.11881002
0.07633000000000001,0.11928308000000001
0.07634,0.11944239999999999
0.07635,0.121076
0.07636000000000001,0.12117974000000001
0.07637000000000001,0.12306362
0.07638,0.12315680000000002
0.07639,0.12512092
0.07640000000000001,0.12521346
0.07641,0.12710388
0.07642,0.12722892
0.07643000000000001,0.12817637999999998
0.07644000000000001,0.12809572
0.07645,0.12771760000000001
0.07646,0.12746626
0.07647000000000001,0.12552068
0.07648,0.12542346
0.07649,0.1235512
0.07650000000000001,0.12344534
0.07651000000000001,0.12179442
0.07652,0.1217192
0.07653,0.12026934
0.07654000000000001,0.12019785999999999
0.07655,0.11911305999999999
0.07656,0.11907757999999999
0.07657000000000001,0.1188612
0.07658000000000001,0.11890039999999999
0.07659,0.12013428
0.0766,0.12022026
0.07661000000000001,0.12200534
0.07662000000000001,0.12211517999999999
0.07663,0.12404721999999999
0.07664,0.12415225999999999
0.07665000000000001,0.12608745999999998
0.07666,0.12618986
0.07667,0.12784838
0.07668000000000001,0.12779146000000002
0.07669000000000001,0.12806252
0.0767,0.12807788000000003
0.07671,0.12652734000000002
0.07672000000000001,0.12642038
0.07673,0.12447732
0.07674,0.12437237999999999
0.07675000000000001,0.12262252
0.07676000000000001,0.12252505999999999
0.07677,0.12096825999999998
0.07678,0.12090854000000002
0.07679000000000001,0.11956506
0.07680000000000001,0.11947614
0.07681,0.11881892000000001
0.07682,0.1187632
0.07683000000000001,0.11923600000000001
0.07684,0.1193933
0.07685,0.12100557999999999
0.07686000000000001,0.12110214
0.07687000000000001,0.12300185999999999
0.07688,0.12310678
0.07689,0.12503959999999997
0.07690000000000001,0.12514506
0.07691,0.12705812
0.07692,0.12724398000000003
0.07693000000000001,0.1280068
0.07694000000000001,0.12800786
0.07695,0.12765856
0.07696,0.12740094
0.07697000000000001,0.1254632
0.07698,0.12536505999999997
0.07699,0.12350002
0.07700000000000001,0.12340054
0.07701000000000001,0.12175106
0.07702,0.12166682
0.07703,0.12020518
0.07704000000000001,0.12013931999999998
0.07705000000000001,0.11905214
0.07706,0.11905028
0.07707,0.11883747999999998
0.07708000000000001,0.11885560000000002
0.07709,0.12009718
0.0771,0.12016228
0.07711000000000001,0.12197720000000001
0.07712000000000001,0.12206732
0.07713,0.12402026
0.07714,0.12413626
0.07715000000000001,0.12605505999999997
0.07716,0.12616068
0.07717,0.12779917999999998
0.07718000000000001,0.12774694
0.07719000000000001,0.12803682000000002
0.0772,0.1280276
0.07721,0.12651186
0.07722000000000001,0.12640494
0.07723000000000001,0.12443414000000001
0.07724,0.12435588
0.07725000000000001,0.12258423999999998
0.07726000000000001,0.12249414
0.07727,0.12093985999999998
0.07728,0.12086466
0.07729000000000001,0.11955587999999999
0.07730000000000001,0.11945362
0.07731,0.11878920000000001
0.07732,0.11875091999999998
0.07733000000000001,0.11921866
0.07734,0.11937748000000001
0.07735,0.12099067999999999
0.07736000000000001,0.12109133999999999
0.07737000000000001,0.12299814
0.07738,0.1230896
0.07739,0.1250336
0.07740000000000001,0.12513612
0.07741,0.1270404
0.07742,0.12725746000000002
0.07743000000000001,0.1280096
0.07744000000000001,0.12800143999999997
0.07745,0.12765558000000002
0.07746,0.12741534000000002
0.07747000000000001,0.12545491999999997
0.07748000000000001,0.12533626
0.07749,0.12348746
0.0775,0.1233908
0.07751000000000001,0.12176574
0.07752,0.12166708000000001
0.07753,0.12020386000000001
0.07754000000000001,0.12014799999999999
0.07755000000000001,0.11906025999999999
0.07756,0.11906454
0.07757,0.11884600000000001
0.07758000000000001,0.11887746000000002
0.07759,0.12010479999999998
0.0776,0.12017718
0.07761000000000001,0.12197507999999999
0.07762000000000001,0.12208334000000001
0.07763,0.12402894
0.07764,0.12412560000000002
0.07765000000000001,0.12605532000000003
0.07766,0.12615278000000002
0.07767,0.12780441999999997
0.07768000000000001,0.12775573999999998
0.07769000000000001,0.12802092
0.0777,0.12802772
0.07771,0.12650277999999998
0.07772000000000001,0.12639466000000002
0.07773000000000001,0.12444242000000001
0.07774,0.12434002
0.07775,0.12259612
0.07776000000000001,0.12251172000000002
0.07777,0.12096107999999998
0.07778,0.12087213999999999
0.07779000000000001,0.11955708000000001
0.07780000000000001,0.11947068000000001
0.07781,0.1188096
0.07782,0.11874506
0.07783000000000001,0.11921892
0.07784,0.11937
0.07785,0.12100667999999999
0.07786000000000001,0.12108746
0.07787000000000001,0.12298944
0.07788,0.12307409999999999
0.07789,0.12503426
0.07790000000000001,0.12513026
0.07791000000000001,0.12703747999999998
0.07792,0.12725864
0.07793000000000001,0.12799814000000004
0.07794000000000001,0.12802202000000001
0.07795,0.12765865999999998
0.07796,0.12738548
0.07797000000000001,0.12545814
0.07798000000000001,0.12534119999999999
0.07799,0.12349252
0.078,0.12338948000000001
0.07801000000000001,0.12173628
0.07802,0.12166306
0.07803,0.12021280000000001
0.07804000000000001,0.120152
0.07805000000000001,0.11905906
0.07806,0.11905454
0.07807,0.11882906
0.07808000000000001,0.11886228000000001
0.07809,0.12010134000000001
0.0781,0.1201768
0.07811000000000001,0.12197735999999999
0.07812000000000001,0.12208079999999999
0.07813,0.12402146
0.07814,0.12413334000000001
0.07815000000000001,0.12604134
0.07816000000000001,0.12615148
0.07817,0.12781747999999998
0.07818,0.12776037999999998
0.07819000000000001,0.12803930000000002
0.0782,0.12803638
0.07821,0.12651412
0.07822000000000001,0.12641878
0.07823000000000001,0.1244516
0.07824,0.12434066000000002
0.07825,0.12259108
0.07826000000000001,0.1225152
0.07827,0.12097200000000001
0.07828,0.1208852
0.07829000000000001,0.11956042
0.07830000000000001,0.119482
0.07831,0.11880986
0.07832,0.11875626000000002
0.07833000000000001,0.11923760000000001
0.07834,0.11939308
0.07835,0.12101202
0.07836000000000001,0.12110746000000001
0.07837000000000001,0.12299
0.07838,0.12308746
0.07839,0.12504974
0.07840000000000001,0.12513533999999998
0.07841000000000001,0.12703894
0.07842,0.1272492
0.07843,0.1280064
0.07844000000000001,0.12801200000000001
0.07845,0.12766480000000002
0.07846,0.12739678
0.07847000000000001,0.12547851999999998
0.07848000000000001,0.12534879999999998
0.07849,0.12347665999999999
0.0785,0.12339668
0.07851000000000001,0.12174692000000001
0.07852,0.12167734
0.07853,0.12021214
0.07854000000000001,0.1201376
0.07855000000000001,0.1190668
0.07856,0.11905826
0.07857,0.11882957999999999
0.07858000000000001,0.11886148
0.07859000000000001,0.12007892
0.0786,0.120174
0.07861000000000001,0.12196438000000001
0.07862000000000001,0.12204816
0.07863,0.1239896
0.07864,0.12409
0.07865000000000001,0.12601466
0.07866000000000001,0.12613506
0.07867,0.12778638
0.07868,0.12772042
0.07869000000000001,0.12801506
0.0787,0.12801334
0.07871,0.12648986
0.07872000000000001,0.12639306
0.07873000000000001,0.1244312
0.07874,0.12433268000000001
0.07875,0.12256548
0.07876000000000001,0.12250694000000002
0.07877,0.12093974
0.07878,0.12087854
0.07879000000000001,0.11954494000000002
0.07880000000000001,0.11946053999999999
0.07881,0.11878586
0.07882,0.11874837999999999
0.07883000000000001,0.11920188000000001
0.07884000000000001,0.11936694
0.07885,0.12097464000000002
0.07886,0.12108158
0.07887000000000001,0.12296266
0.07888,0.12306308000000002
0.07889,0.12500706
0.07890000000000001,0.12512881999999997
0.07891000000000001,0.12701491999999998
0.07892,0.12721492
0.07893,0.12796452
0.07894000000000001,0.12800028000000002
0.07895,0.12764028
0.07896,0.12736693999999998
0.07897000000000001,0.12543410000000002
0.07898000000000001,0.12533628000000002
0.07899,0.12346492
0.079,0.1233824
0.07901000000000001,0.12173959999999999
0.07902,0.1216576
0.07903,0.12018774000000002
0.07904000000000001,0.12012746
0.07905000000000001,0.11904812000000001
0.07906,0.11904719999999999
0.07907,0.11881588000000001
0.07908000000000001,0.11884679999999999
0.07909000000000001,0.12004626
0.0791,0.12013906
0.07911,0.1219488
0.07912000000000001,0.1220572
0.07913,0.12398974
0.07914,0.12408131999999998
0.07915000000000001,0.12601600000000002
0.07916000000000001,0.12610904
0.07917,0.12777438
0.07918,0.12771838
0.07919000000000001,0.12801321999999998
0.0792,0.12802187999999998
0.07921,0.12650212
0.07922000000000001,0.1263852
0.07923000000000001,0.12442146000000001
0.07924,0.1243436
0.07925,0.12258494
0.07926000000000001,0.12250118000000002
0.07927000000000001,0.12094534000000001
0.07928,0.12087240000000002
0.07929000000000001,0.11954785999999999
0.07930000000000001,0.11950414000000001
0.07931,0.11873388
0.07932,0.11874722
0.07933000000000001,0.1192056
0.07934000000000001,0.11936466000000001
0.07935,0.12097519999999999
0.07936,0.1210704
0.07937000000000001,0.12296068
0.07938,0.12306986
0.07939,0.1250052
0.07940000000000001,0.12512732
0.07941000000000001,0.12701066
0.07942,0.1272128
0.07943,0.12798254
0.07944000000000001,0.12811093999999998
0.07945,0.12753706
0.07946,0.12737678000000002
0.07947000000000001,0.12545494000000001
0.07948000000000001,0.12534934
0.07949,0.12348242000000001
0.0795,0.12338134
0.07951000000000001,0.12173893999999999
0.07952000000000001,0.12165759999999999
0.07953,0.12021042
0.07954,0.12015197999999998
0.07955000000000001,0.11905762
0.07956,0.1190592
0.07957,0.11882772
0.07958000000000001,0.11886201999999998
0.07959000000000001,0.12007759999999998
0.0796,0.12017760000000002
0.07961,0.12196641999999999
0.07962000000000001,0.12205508000000001
0.07963,0.12399614
0.07964,0.12408424
0.07965000000000001,0.1260272
0.07966000000000001,0.12613946
0.07967,0.12779266
0.07968,0.12774202
0.07969000000000001,0.12801305999999998
0.07970000000000001,0.12803132
0.07971,0.12649694
0.07972000000000001,0.12640718
0.07973000000000001,0.12443931999999999
0.07974,0.12434854
0.07975,0.1226072
0.07976000000000001,0.12251866
0.07977000000000001,0.12095853999999999
0.07978,0.12088918
0.07979,0.11957108000000001
0.07980000000000001,0.11947824
0.07981,0.11879576
0.07982,0.11875346000000002
0.07983000000000001,0.11922828
0.07984000000000001,0.11937612
0.07985,0.12100172000000001
0.07986,0.12109744
0.07987000000000001,0.12296294
0.07988,0.12308188
0.07989,0.12503068
0.07990000000000001,0.12513758
0.07991000000000001,0.12704104
0.07992,0.12723826
0.07993,0.12801331999999999
0.07994000000000001,0.12802826
0.07995000000000001,0.12766426
0.07996,0.12743158000000002
0.07997000000000001,0.12546026000000002
0.07998000000000001,0.12536440000000001
0.07999,0.12350866
0.08,0.12354757999999999
0.08001000000000001,0.12189920000000001
0.08002000000000001,0.12183772
0.08003,0.12034628
0.08004,0.12028559999999999
0.08005000000000001,0.1191576
0.08006,0.11913412000000001
0.08007,0.11888052
0.08008000000000001,0.11891494
0.08009000000000001,0.12011736000000002
0.0801,0.12019066
0.08011,0.12199946000000002
0.08012000000000001,0.12209546
0.08013,0.12402574
0.08014,0.12415161999999999
0.08015000000000001,0.12608572
0.08016000000000001,0.12617918
0.08017,0.12786812
0.08018,0.12788214
0.08019000000000001,0.1281512
0.08020000000000001,0.12818997999999998
0.08021,0.12672560000000002
0.08022,0.12662254
0.08023000000000001,0.12464386000000001
0.08024,0.1245572
0.08025,0.12276492000000001
0.08026000000000001,0.12267785999999999
0.08027000000000001,0.12111718
0.08028,0.12102813999999999
0.08029,0.11966600000000001
0.08030000000000001,0.11957480000000001
0.08031,0.11889014
0.08032,0.11883652
0.08033000000000001,0.11929348
0.08034000000000001,0.11942080000000002
0.08035,0.12103508
0.08036,0.12111856000000001
0.08037000000000001,0.12302880000000001
0.08038000000000001,0.12311772000000001
0.08039,0.125082
0.08040000000000001,0.12518534
0.08041000000000001,0.12710214
0.08042,0.12733786
0.08043,0.12815466000000003
0.08044000000000001,0.12825504000000001
0.08045000000000001,0.12773652000000002
0.08046,0.12759225999999999
0.08047,0.12568586
0.08048000000000001,0.12557132
0.08049,0.12369226
0.0805,0.1235884
0.08051000000000001,0.121928
0.08052000000000001,0.12183574000000001
0.08053,0.12036772
0.08054,0.12030322
0.08055000000000001,0.1191768
0.08056,0.11914586
0.08057,0.11891082
0.08058000000000001,0.11893424
0.08059000000000001,0.12013705999999999
0.0806,0.12022176
0.08061,0.1220204
0.08062000000000001,0.12210202
0.08063000000000001,0.12403747999999999
0.08064,0.12414946
0.08065000000000001,0.12608534
0.08066000000000001,0.12618586
0.08067,0.12786560000000002
0.08068,0.12789092
0.08069000000000001,0.12813414
0.08070000000000001,0.12819042
0.08071,0.12670652
0.08072,0.12659132
0.08073000000000001,0.12461774
0.08074,0.12451905999999999
0.08075,0.12274108000000002
0.08076000000000001,0.12266344
0.08077000000000001,0.12109666000000001
0.08078,0.12102228
0.08079,0.1196604
0.08080000000000001,0.11955799999999998
0.08081,0.1188828
0.08082,0.118838
0.08083000000000001,0.11928639999999999
0.08084000000000001,0.11941305999999999
0.08085,0.12100546000000001
0.08086,0.12110893999999998
0.08087000000000001,0.12297134000000001
0.08088000000000001,0.12310334
0.08089,0.12503546
0.0809,0.12514508
0.08091000000000001,0.12704772
0.08092,0.12728173999999998
0.08093,0.12810145999999997
0.08094000000000001,0.1282
0.08095000000000001,0.12768094
0.08096,0.12756054
0.08097,0.12562452
0.08098000000000001,0.12553052
0.08099,0.12367039999999999
0.081,0.12355651999999999
0.08101000000000001,0.12190052
0.08102000000000001,0.12178971999999999
0.08103,0.1203308
0.08104,0.12026214000000002
0.08105000000000001,0.11914
0.08106000000000001,0.11910586000000001
0.08107,0.11887787999999999
0.08108000000000001,0.11888652
0.08109000000000001,0.12009188000000001
0.0811,0.12017958
0.08111,0.12196879999999999
0.08112000000000001,0.12206893999999999
0.08113000000000001,0.12402428000000001
0.08114,0.12411934
0.08115,0.1260456
0.08116000000000001,0.12616148
0.08117,0.12783934000000002
0.08118,0.12786466000000002
0.08119000000000001,0.12812652
0.08120000000000001,0.12817414
0.08121,0.12670560000000003
0.08122,0.12661640000000002
0.08123000000000001,0.12462464
0.08124,0.12453306
0.08125,0.12275
0.08126000000000001,0.12267905999999999
0.08127000000000001,0.12108493999999999
0.08128,0.12101974
0.08129,0.11965680000000001
0.08130000000000001,0.11954826
0.08131000000000001,0.11885452
0.08132,0.1188264
0.08133000000000001,0.11926616000000001
0.08134000000000001,0.11939345999999999
0.08135,0.12099652000000001
0.08136,0.12108943999999999
0.08137000000000001,0.12296974000000001
0.08138000000000001,0.12308988000000001
0.08139,0.12503654
0.0814,0.12514092
0.08141000000000001,0.12704971999999998
0.08142,0.12725598
0.08143,0.12810294
0.08144000000000001,0.12820746
0.08145000000000001,0.12768106
0.08146,0.12754522
0.08147,0.12563734000000001
0.08148000000000001,0.12552934
0.08149,0.1236552
0.0815,0.12354184000000001
0.08151000000000001,0.12188612000000001
0.08152000000000001,0.12178412000000001
0.08153,0.12032399999999999
0.08154,0.12024371999999998
0.08155000000000001,0.1191208
0.08156000000000001,0.11910986000000001
0.08157,0.1188428
0.08158,0.11888226000000002
0.08159000000000001,0.12005851999999999
0.0816,0.12014971999999999
0.08161,0.12195839999999998
0.08162000000000001,0.12204534
0.08163000000000001,0.12397106
0.08164,0.12408294
0.08165,0.12601279999999998
0.08166000000000001,0.12611146
0.08167,0.12779468
0.08168,0.12781612
0.08169000000000001,0.12808426
0.08170000000000001,0.12812534
0.08171,0.1266596
0.08172,0.12655838000000003
0.08173000000000001,0.12457465999999999
0.08174000000000001,0.12448466
0.08175,0.12270627999999999
0.08176000000000001,0.12260693999999998
0.08177000000000001,0.12106722
0.08178,0.12097948
0.08179,0.11963293999999998
0.08180000000000001,0.11953026
0.08181000000000001,0.11882708
0.08182,0.11877666
0.08183,0.11921478
0.08184000000000001,0.11936640000000001
0.08185,0.12094880000000001
0.08186,0.12103508
0.08187000000000001,0.12292974000000001
0.08188000000000001,0.1230224
0.08189,0.12499185999999998
0.0819,0.1250904
0.08191000000000001,0.12699494
0.08192,0.12722837999999997
0.08193,0.12805972000000002
0.08194000000000001,0.12815934
0.08195000000000001,0.12765628
0.08196,0.12750322
0.08197,0.12559988
0.08198000000000001,0.12549746
0.08199000000000001,0.12361520000000001
0.082,0.12351999999999999
0.08201000000000001,0.12184066
0.08202000000000001,0.1217648
0.08203,0.12030104
0.08204,0.12024094
0.08205000000000001,0.11910918
0.08206000000000001,0.11908640000000001
0.08207,0.11883200000000001
0.08208,0.11887988000000001
0.08209000000000001,0.12004783999999999
0.0821,0.12013598
0.08211,0.12193158
0.08212000000000001,0.12202586
0.08213000000000001,0.12397464
0.08214,0.12407226
0.08215,0.12600732
0.08216000000000001,0.12612346000000002
0.08217,0.12780944
0.08218,0.12782877999999998
0.08219000000000001,0.12810614
0.08220000000000001,0.12812918
0.08221,0.126684
0.08222,0.12657214
0.08223000000000001,0.12459427999999999
0.08224000000000001,0.1244956
0.08225,0.12272402
0.08226000000000001,0.12264517999999999
0.08227000000000001,0.12107626
0.08228,0.12099652000000001
0.08229,0.11963000000000001
0.08230000000000001,0.11952959999999999
0.08231000000000001,0.11883254000000001
0.08232,0.11878641999999999
0.08233,0.11923904
0.08234000000000001,0.11936281999999998
0.08235,0.12096533999999999
0.08236,0.12106534
0.08237000000000001,0.12294414000000001
0.08238000000000001,0.12306094000000001
0.08239,0.12500786000000003
0.0824,0.12510944
0.08241000000000001,0.12702254
0.08242000000000001,0.12725024000000001
0.08243,0.12808238
0.08244000000000001,0.12820079999999998
0.08245000000000001,0.12766106000000002
0.08246,0.12755652
0.08247,0.12562972
0.08248000000000001,0.12552334
0.08249000000000001,0.12365146
0.0825,0.12355602000000002
0.08251,0.12189343999999999
0.08252000000000001,0.12180226000000001
0.08253,0.120326
0.08254,0.12026732
0.08255000000000001,0.11914732000000001
0.08256000000000001,0.11911960000000002
0.08257,0.11884851999999999
0.08258,0.11886680000000001
0.08259000000000001,0.12006828
0.0826,0.12015958
0.08261,0.12194039999999999
0.08262000000000001,0.12205454
0.08263000000000001,0.12399224
0.08264,0.12409028
0.08265,0.12603746
0.08266000000000001,0.12614812000000003
0.08267000000000001,0.12782532
0.08268,0.12785134
0.08269000000000001,0.1281193
0.08270000000000001,0.12816599999999997
0.08271,0.12672188
0.08272,0.12662442000000002
0.08273000000000001,0.12462602
0.08274000000000001,0.12452894
0.08275,0.12275038
0.08276,0.12267547999999999
0.08277000000000001,0.12110002
0.08278,0.12102254000000001
0.08279,0.11965028
0.08280000000000001,0.11956374
0.08281000000000001,0.11886171999999999
0.08282,0.11881317999999999
0.08283,0.11924546
0.08284000000000001,0.11938624
0.08285000000000001,0.12100013999999999
0.08286,0.12106560000000002
0.08287000000000001,0.12296228000000001
0.08288000000000001,0.12307894
0.08289,0.12501962
0.0829,0.12513172
0.08291000000000001,0.12702092
0.08292000000000001,0.12726814000000003
0.08293,0.12809798
0.08294000000000001,0.1282028
0.08295000000000001,0.12769348
0.08296,0.12756132
0.08297,0.12565854
0.08298000000000001,0.12555562
0.08299000000000001,0.12367398
0.083,0.12357865999999999
0.08301,0.12190692
0.08302000000000001,0.12182296
0.08303,0.12036091999999998
0.08304,0.1202772
0.08305000000000001,0.11914558
0.08306000000000001,0.11913119999999999
0.08307,0.11885642
0.08308,0.11889266000000001
0.08309000000000001,0.12006188
0.08310000000000001,0.12014852000000001
0.08311,0.12196119999999999
0.08312000000000001,0.12204534
0.08313000000000001,0.12398266
0.08314,0.124098
0.08315,0.1260456
0.08316000000000001,0.12613053999999999
0.08317000000000001,0.12781892
0.08318,0.1278588
0.08319,0.12812664
0.08320000000000001,0.12817547999999998
0.08321,0.12671758000000002
0.08322,0.12661627999999997
0.08323000000000001,0.12463094
0.08324000000000001,0.12453999999999998
0.08325,0.1227724
0.08326,0.12266028
0.08327000000000001,0.12110343999999999
0.08328,0.12102854
0.08329,0.11966386
0.08330000000000001,0.11956986
0.08331000000000001,0.11884614
0.08332,0.118816
0.08333,0.11925668000000003
0.08334000000000001,0.11936066000000001
0.08335000000000001,0.12097614000000001
0.08336,0.12107586
0.08337000000000001,0.12296372
0.08338000000000001,0.12307242
0.08339,0.12503466000000002
0.0834,0.12514452
0.08341000000000001,0.12704134000000003
0.08342000000000001,0.12729211999999998
0.08343,0.12811973999999998
0.08344,0.12822654
0.08345000000000001,0.12770586
0.08346,0.12757694
0.08347,0.12569078
0.08348000000000001,0.12556854
0.08349000000000001,0.12370666
0.0835,0.12358546
0.08351,0.12191239999999999
0.08352000000000001,0.12183454
0.08353000000000001,0.12035613999999999
0.08354,0.12028482
0.08355000000000001,0.11915119999999998
0.08356000000000001,0.11912852
0.08357,0.11886266000000001
0.08358,0.11888533999999999
0.08359000000000001,0.12007425999999999
0.08360000000000001,0.12015786000000002
0.08361,0.12194852
0.08362000000000001,0.12206146
0.08363000000000001,0.12398198
0.08364,0.12410454
0.08365,0.12603694
0.08366000000000001,0.12613452
0.08367000000000001,0.12784666
0.08368,0.12785105999999996
0.08369,0.12814825999999999
0.08370000000000001,0.12819506
0.08371,0.12671652
0.08372,0.12664493999999998
0.08373000000000001,0.12465252
0.08374000000000001,0.12454708
0.08375,0.1227668
0.08376,0.12267986
0.08377000000000001,0.12110186
0.08378000000000001,0.12102865999999998
0.08379,0.11964454
0.08380000000000001,0.11954772
0.08381000000000001,0.11883374
0.08382,0.11879558000000001
0.08383,0.11924812
0.08384000000000001,0.11935571999999998
0.08385000000000001,0.1209644
0.08386,0.12106132
0.08387,0.12296398
0.08388000000000001,0.12305385999999999
0.08389,0.12501252
0.0839,0.12512240000000002
0.08391000000000001,0.12703694
0.08392000000000001,0.12726014
0.08393,0.12811146
0.08394,0.12819028
0.08395000000000001,0.12767972
0.08396,0.12756242
0.08397,0.12565758
0.08398000000000001,0.12553920000000002
0.08399000000000001,0.12368748
0.084,0.1235768
0.08401,0.12189334
0.08402000000000001,0.12182037999999999
0.08403000000000001,0.12033094
0.08404,0.12025454
0.08405000000000001,0.11913892
0.08406000000000001,0.11910612000000001
0.08407,0.11884334
0.08408,0.11887252
0.08409000000000001,0.12006544
0.08410000000000001,0.12014372
0.08411,0.12193986000000001
0.08412,0.12204588000000001
0.08413000000000001,0.12398252000000001
0.08414,0.12408679999999998
0.08415,0.12603306
0.08416000000000001,0.12613893999999998
0.08417000000000001,0.12782332000000002
0.08418,0.12785454000000002
0.08419,0.12813292000000004
0.08420000000000001,0.12816212
0.08421000000000001,0.12673144
0.08422,0.12660546
0.08423000000000001,0.12464346000000001
0.08424000000000001,0.12453468000000001
0.08425,0.12277519999999997
0.08426,0.12267334
0.08427000000000001,0.12110426
0.08428000000000001,0.12102891999999998
0.08429,0.11965213999999999
0.08430000000000001,0.11955400000000001
0.08431000000000001,0.11885265999999998
0.08432,0.11880959999999999
0.08433,0.11924922
0.08434000000000001,0.11936788000000001
0.08435000000000001,0.12097360000000001
0.08436,0.12108999999999999
0.08437,0.12297385999999999
0.08438000000000001,0.12306906
0.08439,0.12504136000000002
0.0844,0.12513533999999998
0.08441000000000001,0.12705294
0.08442000000000001,0.12728678
0.08443,0.12813745999999998
0.08444,0.12823427999999998
0.08445000000000001,0.12771692
0.08446000000000001,0.12760454000000002
0.08447,0.12569026
0.08448000000000001,0.1255776
0.08449000000000001,0.12370107999999999
0.0845,0.12360546000000001
0.08451,0.12192642000000001
0.08452000000000001,0.12186026000000001
0.08453000000000001,0.12038252
0.08454,0.12031266
0.08455,0.11918105999999999
0.08456000000000001,0.11914148
0.08457,0.11888772
0.08458,0.1189112
0.08459000000000001,0.12010002
0.08460000000000001,0.12017199999999999
0.08461,0.12198039999999999
0.08462,0.12208694
0.08463000000000001,0.12403477999999998
0.08464,0.12415052
0.08465,0.12608066
0.08466000000000001,0.1261868
0.08467000000000001,0.12787636000000002
0.08468,0.12790452
0.08469,0.12818826
0.08470000000000001,0.12823494
0.08471000000000001,0.12678264
0.08472,0.12668054
0.08473000000000001,0.12468254000000001
0.08474000000000001,0.12460972
0.08475,0.1228208
0.08476,0.12272265999999998
0.08477000000000001,0.12115039999999999
0.08478000000000001,0.12108065999999999
0.08479,0.119712
0.0848,0.11962948
0.08481000000000001,0.11891892
0.08482,0.11886386
0.08483,0.11930666000000001
0.08484000000000001,0.11944202
0.08485000000000001,0.12103948
0.08486,0.12113853999999999
0.08487,0.12304358
0.08488000000000001,0.12313453999999999
0.08489000000000001,0.12510012
0.0849,0.12520188000000002
0.08491000000000001,0.12710534
0.08492000000000001,0.12732788
0.08493,0.12818868
0.08494,0.12828882
0.08495000000000001,0.12777316
0.08496000000000001,0.12764959999999997
0.08497,0.12574548000000002
0.08498000000000001,0.12563586
0.08499000000000001,0.12374718
0.085,0.12365388000000002
0.08501,0.12199268
0.08502000000000001,0.12188442000000002
0.08503000000000001,0.12042668000000001
0.08504,0.12034826000000001
0.08505,0.1192204
0.08506000000000001,0.11919188
0.08507,0.118936
0.08508,0.11896477999999999
0.08509000000000001,0.12015334
0.08510000000000001,0.12022986
0.08511,0.1220412
0.08512,0.12213199999999999
0.08513000000000001,0.1240864
0.08514000000000001,0.12419546
0.08515,0.12614103999999998
0.08516000000000001,0.12625322
0.08517000000000001,0.12792491999999997
0.08518,0.12794893999999998
0.08519,0.12822719999999999
0.08520000000000001,0.12826388
0.08521000000000001,0.12681559999999997
0.08522,0.12670962
0.08523,0.1247248
0.08524000000000001,0.12463158
0.08525,0.12283506
0.08526,0.12274758
0.08527000000000001,0.12119776
0.08528000000000001,0.12109600000000001
0.08529,0.1197336
0.0853,0.1196356
0.08531000000000001,0.11894427999999999
0.08532000000000001,0.11888238
0.08533,0.11932494
0.08534000000000001,0.1194644
0.08535000000000001,0.12107361999999999
0.08536,0.12116706
0.08537,0.12307852
0.08538000000000001,0.1231712
0.08539000000000001,0.12512479999999998
0.0854,0.12522628
0.08541000000000001,0.12715372
0.08542000000000001,0.12738788
0.08543,0.12821294
0.08544,0.12832094
0.08545000000000001,0.12779387999999997
0.08546000000000001,0.12766334
0.08547,0.1257667
0.08548,0.12566226
0.08549000000000001,0.12377358000000001
0.0855,0.12368677999999997
0.08551,0.12199743999999998
0.08552000000000001,0.12191318
0.08553000000000001,0.12043143999999999
0.08554,0.12037612
0.08555,0.11923640000000002
0.08556000000000001,0.11920934000000001
0.08557000000000001,0.11893506000000001
0.08558,0.11897132000000002
0.08559000000000001,0.12015628
0.08560000000000001,0.12026600000000001
0.08561,0.12203974
0.08562,0.12215948000000001
0.08563000000000001,0.12409653999999999
0.08564000000000001,0.12420066
0.08565,0.12615414
0.08566000000000001,0.12624639999999998
0.08567000000000001,0.12794308000000001
0.08568,0.12797946
0.08569,0.12824226
0.08570000000000001,0.12828
0.08571000000000001,0.12682237999999998
0.08572,0.12672786
0.08573,0.12472092000000001
0.08574000000000001,0.12463292
0.08575,0.12284983999999999
0.08576,0.12276306
0.08577000000000001,0.12118241999999999
0.08578000000000001,0.12109958000000001
0.08579,0.11973226000000001
0.0858,0.11964519999999998
0.08581000000000001,0.11891893999999999
0.08582000000000001,0.11887948
0.08583,0.11932773999999999
0.08584000000000001,0.11945120000000001
0.08585000000000001,0.12105413999999999
0.08586,0.12116040000000002
0.08587,0.12305614000000001
0.08588000000000001,0.12315574
0.08589000000000001,0.12512146
0.0859,0.12521454
0.08591,0.12713054000000001
0.08592000000000001,0.1273608
0.08593,0.12819962000000001
0.08594,0.12830146
0.08595000000000001,0.12776424
0.08596000000000001,0.12764986
0.08597,0.1257196
0.08598,0.12560772
0.08599000000000001,0.12372798
0.08600000000000001,0.12364025999999999
0.08601,0.12196504
0.08602000000000001,0.1218764
0.08603000000000001,0.12039708
0.08604,0.12032186
0.08605,0.11919438
0.08606000000000001,0.11917318000000002
0.08607000000000001,0.11890320000000001
0.08608,0.11893294000000001
0.08609000000000001,0.12012053999999998
0.08610000000000001,0.12022214
0.08611,0.12201784
0.08612,0.12213303999999998
0.08613000000000001,0.12407348
0.08614000000000001,0.12416506000000001
0.08615,0.12612934
0.08616,0.12619945999999999
0.08617000000000001,0.12789414
0.08618,0.12792774
0.08619,0.12819144
0.08620000000000001,0.1282352
0.08621000000000001,0.12676903999999997
0.08622,0.12667266
0.08623,0.12467266000000002
0.08624000000000001,0.12458040000000001
0.08625000000000001,0.12278797999999999
0.08626,0.12271336
0.08627000000000001,0.12111533999999999
0.08628000000000001,0.12106652
0.08629,0.11967774
0.0863,0.11958463999999999
0.08631000000000001,0.11886934
0.08632000000000001,0.11882572
0.08633,0.11927774
0.08634000000000001,0.11939895999999998
0.08635000000000001,0.1210064
0.08636,0.12112186
0.08637,0.12301440000000001
0.08638000000000001,0.1231132
0.08639000000000001,0.12508054
0.0864,0.12517534000000002
0.08641,0.12709758
0.08642000000000001,0.12731414
0.08643,0.1281784
0.08644,0.12827773999999997
0.08645000000000001,0.12772412
0.08646000000000001,0.12761
0.08647,0.12569292
0.08648,0.12559946
0.08649000000000001,0.12372332
0.08650000000000001,0.12360492000000001
0.08651,0.12193505999999998
0.08652000000000001,0.12185786000000001
0.08653000000000001,0.12037013999999999
0.08654,0.12029559999999999
0.08655,0.11917932
0.08656000000000001,0.11914428000000002
0.08657000000000001,0.11890399999999998
0.08658,0.11892534000000002
0.08659,0.12011933999999999
0.08660000000000001,0.12020117999999999
0.08661,0.12199534000000001
0.08662,0.12210174
0.08663000000000001,0.12404134
0.08664000000000001,0.12415228
0.08665,0.12607894
0.08666,0.12620426
0.08667000000000001,0.127882
0.08668000000000001,0.12790934
0.08669,0.12818652
0.08670000000000001,0.12821722000000002
0.08671000000000001,0.12675547999999998
0.08672,0.12664358
0.08673,0.12465146
0.08674000000000001,0.12457150000000002
0.08675000000000001,0.12279705999999999
0.08676,0.12269332
0.08677000000000001,0.12113199999999999
0.08678000000000001,0.12105240000000002
0.08679,0.1196736
0.0868,0.11957118
0.08681000000000001,0.11887508
0.08682000000000001,0.11883893999999999
0.08683,0.11928694
0.08684,0.11942122
0.08685000000000001,0.12103386000000001
0.08686,0.12111668
0.08687,0.12301934
0.08688000000000001,0.12312838
0.08689000000000001,0.12507880000000002
0.0869,0.12518024
0.08691,0.12709332
0.08692000000000001,0.12732680000000002
0.08693000000000001,0.12816384
0.08694,0.12825508000000002
0.08695000000000001,0.12773879999999999
0.08696000000000001,0.12760426
0.08697,0.12570532
0.08698,0.12558346
0.08699000000000001,0.12369691999999999
0.08700000000000001,0.12360785999999999
0.08701,0.12195308
0.08702000000000001,0.12184706000000001
0.08703000000000001,0.12038173999999999
0.08704,0.12030373999999999
0.08705,0.11919547999999999
0.08706000000000001,0.11915345999999997
0.08707000000000001,0.11891201999999998
0.08708,0.1189476
0.08709,0.12014052
0.08710000000000001,0.12021388000000002
0.08711,0.12201598
0.08712,0.12211028000000002
0.08713000000000001,0.12407268
0.08714000000000001,0.12418482
0.08715,0.12612225999999999
0.08716,0.12621506
0.08717000000000001,0.12789637999999998
0.08718000000000001,0.12790188000000002
0.08719,0.12821023999999998
0.08720000000000001,0.12825732
0.08721000000000001,0.12677242000000002
0.08722,0.12665854000000001
0.08723,0.12468907999999998
0.08724000000000001,0.12459785999999999
0.08725000000000001,0.12280932
0.08726,0.12272158
0.08727,0.12114198000000001
0.08728000000000001,0.12107601999999999
0.08729,0.11970882000000001
0.0873,0.11961199999999998
0.08731000000000001,0.11892092000000001
0.08732000000000001,0.11887654
0.08733,0.11931854
0.08734,0.11945852000000001
0.08735000000000001,0.12105946000000001
0.08736000000000001,0.12115985999999998
0.08737,0.12304468000000002
0.08738000000000001,0.12314507999999999
0.08739000000000001,0.12511799999999998
0.0874,0.12522494
0.08741,0.12712974000000002
0.08742000000000001,0.1273652
0.08743000000000001,0.12821506
0.08744,0.12829094000000002
0.08745000000000001,0.12777068
0.08746000000000001,0.12764426
0.08747,0.12573984
0.08748,0.1256224
0.08749000000000001,0.12373986000000001
0.08750000000000001,0.12362828000000001
0.08751,0.12198347999999999
0.08752,0.12189318
0.08753000000000001,0.12041332
0.08754,0.12034453999999999
0.08755,0.1192216
0.08756000000000001,0.11920068000000002
0.08757000000000001,0.11894452
0.08758,0.118974
0.08759,0.12017574
0.08760000000000001,0.12025014
0.08761000000000001,0.12206787999999999
0.08762,0.12216039999999999
0.08763000000000001,0.12410052
0.08764000000000001,0.12421642
0.08765,0.12615948000000002
0.08766,0.12625812
0.08767000000000001,0.1279404
0.08768000000000001,0.12798373999999998
0.08769,0.1282308
0.08770000000000001,0.12827692
0.08771000000000001,0.12680574
0.08772,0.1267124
0.08773,0.124726
0.08774000000000001,0.12461997999999999
0.08775000000000001,0.12283761999999998
0.08776,0.12275665999999999
0.08777,0.12118040000000001
0.08778000000000001,0.12109442000000001
0.08779,0.11972522
0.0878,0.11963653999999999
0.08781000000000001,0.11894668
0.08782000000000001,0.11890745999999999
0.08783,0.11934560000000001
0.08784,0.11947706
0.08785000000000001,0.1210836
0.08786000000000001,0.12116774000000001
0.08787,0.12306132
0.08788000000000001,0.1231624
0.08789000000000001,0.1251201
0.0879,0.12522318000000002
0.08791,0.12713851999999998
0.08792000000000001,0.12737894
0.08793000000000001,0.12819799999999998
0.08794,0.12830518
0.08795,0.12775946
0.08796000000000001,0.12763107999999998
0.08797,0.12571053999999998
0.08798,0.12560974
0.08799000000000001,0.12372626
0.08800000000000001,0.12363186
0.08801,0.12195134
0.08802,0.1218813
0.08803000000000001,0.120404
0.08804000000000001,0.12032198000000001
0.08805,0.11920826
0.08806000000000001,0.11918868
0.08807000000000001,0.11893652000000002
0.08808,0.11894811999999999
0.08809,0.12015842000000002
0.08810000000000001,0.1202396
0.08811000000000001,0.12202586
0.08812,0.12212706
0.08813000000000001,0.12407132000000001
0.08814000000000001,0.12419666
0.08815,0.12611239999999996
0.08816,0.12622654000000003
0.08817000000000001,0.12789838
0.08818000000000001,0.12792878000000002
0.08819,0.12819946
0.0882,0.12821198000000003
0.08821000000000001,0.1267668
0.08822,0.12667054000000003
0.08823,0.12466412
0.08824000000000001,0.12456318
0.08825000000000001,0.12279186
0.08826,0.12270080000000001
0.08827,0.12114452
0.08828000000000001,0.12106574
0.08829000000000001,0.11970266
0.0883,0.11960108
0.08831000000000001,0.11890998
0.08832000000000001,0.11887
0.08833,0.11931465999999999
0.08834,0.11943774
0.08835000000000001,0.12105091999999999
0.08836000000000001,0.12112814000000001
0.08837,0.12303066
0.08838000000000001,0.12313959999999999
0.08839000000000001,0.12511466
0.0884,0.12520853999999998
0.08841,0.12711414000000001
0.08842000000000001,0.12734506
0.08843000000000001,0.12819306
0.08844,0.12827558
0.08845,0.12774906
0.08846000000000001,0.12760639999999998
0.08847000000000001,0.12572693999999998
0.08848,0.12559585999999998
0.08849000000000001,0.12370985999999999
0.08850000000000001,0.12361278
0.08851,0.12193852000000001
0.08852,0.12185986
0.08853000000000001,0.12039468
0.08854000000000001,0.12031947999999999
0.08855,0.1191904
0.08856000000000001,0.11916852
0.08857000000000001,0.11892386000000002
0.08858,0.11894106
0.08859,0.12013437999999999
0.08860000000000001,0.12023147999999999
0.08861000000000001,0.12200826000000001
0.08862,0.12210863999999999
0.08863,0.12405268
0.08864000000000001,0.124146
0.08865,0.12609174
0.08866,0.12620415999999998
0.08867000000000001,0.12790332000000001
0.08868000000000001,0.12790838
0.08869,0.12817624
0.0887,0.12822477999999998
0.08871000000000001,0.1267432
0.08872000000000001,0.12664732
0.08873,0.1246669
0.08874000000000001,0.12455145999999999
0.08875000000000001,0.12278626
0.08876,0.12270973999999998
0.08877,0.12111546
0.08878000000000001,0.12104759999999999
0.08879000000000001,0.11967788000000001
0.0888,0.11958894
0.08881000000000001,0.11889745999999998
0.08882000000000001,0.11885588
0.08883,0.11928106000000001
0.08884,0.11942386
0.08885000000000001,0.12101134
0.08886000000000001,0.12111974
0.08887,0.12299454000000001
0.08888,0.12310694
0.08889000000000001,0.12506012000000002
0.0889,0.12517080000000003
0.08891,0.12709147999999998
0.08892000000000001,0.12729784
0.08893000000000001,0.12813452
0.08894,0.12824306000000002
0.08895,0.12771948000000002
0.08896000000000001,0.12758228
0.08897000000000001,0.12567132
0.08898,0.12557454
0.08899000000000001,0.12367586
0.08900000000000001,0.12359172
0.08901,0.12191014
0.08902,0.12183054
0.08903000000000001,0.1203584
0.08904000000000001,0.1202812
0.08905,0.11917423999999999
0.08906000000000001,0.11915012
0.08907000000000001,0.11889560000000002
0.08908,0.11893039999999999
0.08909,0.1201036
0.08910000000000001,0.12019694
0.08911000000000001,0.12199025999999999
0.08912,0.12209400000000001
0.08913,0.12405336
0.08914000000000001,0.12413851999999999
0.08915000000000001,0.12609428
0.08916,0.12618278
0.08917000000000001,0.12787264
0.08918000000000001,0.1279016
0.08919,0.12817772
0.0892,0.12820694
0.08921000000000001,0.12673705999999998
0.08922000000000001,0.12661826
0.08923,0.12464519999999998
0.08924000000000001,0.12456347999999999
0.08925000000000001,0.12278053999999998
0.08926,0.1226976
0.08927,0.12113412000000001
0.08928000000000001,0.12104200000000001
0.08929000000000001,0.11968828000000001
0.0893,0.11959106000000001
0.08931,0.11888467999999999
0.08932000000000001,0.11885746
0.08933,0.11929799999999999
0.08934,0.11941945999999999
0.08935000000000001,0.12101012
0.08936000000000001,0.12112665999999998
0.08937,0.12301666
0.08938,0.12311424
0.08939000000000001,0.12508308
0.08940000000000001,0.12518574
0.08941,0.12710014
0.08942000000000001,0.127312
0.08943000000000001,0.12816106
0.08944,0.1282504
0.08945,0.12772522
0.08946000000000001,0.12759866
0.08947000000000001,0.12568653999999999
0.08948,0.12555946
0.08949000000000001,0.12369534
0.08950000000000001,0.12358946
0.08951,0.12192265999999999
0.08952,0.12183214
0.08953000000000001,0.1203736
0.08954000000000001,0.12029442000000001
0.08955,0.11918359999999999
0.08956,0.11915586
0.08957000000000001,0.11890732000000001
0.08958,0.11892465999999999
0.08959,0.12013146
0.08960000000000001,0.12019907999999999
0.08961000000000001,0.12200106000000002
0.08962,0.12209331999999999
0.08963,0.12402066
0.08964000000000001,0.12412348
0.08965000000000001,0.12608413999999998
0.08966,0.12617586
0.08967000000000001,0.12785866
0.08968000000000001,0.12787268
0.08969,0.12816562
0.0897,0.12818413999999997
0.08971000000000001,0.12671932
0.08972000000000001,0.12662398000000002
0.08973,0.1246332
0.08974000000000001,0.12453828
0.08975000000000001,0.12277294000000001
0.08976,0.12267466
0.08977,0.12112039999999999
0.08978000000000001,0.12103734
0.08979000000000001,0.11965576
0.0898,0.11956892000000001
0.08981,0.11887840000000001
0.08982000000000001,0.11885265999999998
0.08983000000000001,0.11928066
0.08984,0.11940854000000001
0.08985000000000001,0.12100506
0.08986000000000001,0.12110598000000002
0.08987,0.12298694000000002
0.08988,0.12309372
0.08989000000000001,0.12503892
0.08990000000000001,0.12514894000000001
0.08991,0.1270568
0.08992000000000001,0.12728866
0.08993000000000001,0.12812211999999998
0.08994,0.12821761999999998
0.08995,0.12768719999999997
0.08996000000000001,0.12757000000000002
0.08997000000000001,0.12565211999999998
0.08998,0.12555226
0.08999,0.12366386
